NAxe	NTrace	Loc	Xsque	Ysque	U	V	Distance	date1	date2	marqueur	incert	leve	product	NomTDC[itdc]	Nbcoup
1	1	Tuto	827519.874	6261215.289	-0.567	-0.824	-1.094	1942	0	3	50	NUM	Cerema	TDC_1942_INGITC_MobiTC	1
1	2	Tuto	827602.023	6261158.281	-0.584	-0.812	1.536	1942	0	3	50	NUM	Cerema	TDC_1942_INGITC_MobiTC	1
1	3	Tuto	827682.812	6261099.349	-0.603	-0.798	-2.178	1942	0	3	50	NUM	Cerema	TDC_1942_INGITC_MobiTC	1
1	4	Tuto	827761.968	6261038.246	-0.669	-0.744	0.887	1942	0	3	50	NUM	Cerema	TDC_1942_INGITC_MobiTC	1
1	5	Tuto	827824.154	6260959.976	-0.765	-0.644	-20.357	1942	0	3	50	NUM	Cerema	TDC_1942_INGITC_MobiTC	1
1	6	Tuto	827885.058	6260880.664	-0.795	-0.606	-42.375	1942	0	3	50	NUM	Cerema	TDC_1942_INGITC_MobiTC	1
1	7	Tuto	827944.867	6260800.523	-0.805	-0.594	-59.342	1942	0	3	50	NUM	Cerema	TDC_1942_INGITC_MobiTC	1
1	8	Tuto	828004.139	6260719.983	-0.812	-0.584	-78.771	1942	0	3	50	NUM	Cerema	TDC_1942_INGITC_MobiTC	1
1	9	Tuto	828062.309	6260638.643	-0.817	-0.577	-94.917	1942	0	3	50	NUM	Cerema	TDC_1942_INGITC_MobiTC	1
1	10	Tuto	828118.998	6260556.264	-0.823	-0.568	-108.299	1942	0	3	50	NUM	Cerema	TDC_1942_INGITC_MobiTC	1
1	11	Tuto	828175.634	6260473.848	-0.827	-0.562	-120.967	1942	0	3	50	NUM	Cerema	TDC_1942_INGITC_MobiTC	1
1	12	Tuto	828230.858	6260390.49	-0.83	-0.558	-136.361	1942	0	3	50	NUM	Cerema	TDC_1942_INGITC_MobiTC	1
1	13	Tuto	828286.5	6260307.467	-0.816	-0.577	-142.037	1942	0	3	50	NUM	Cerema	TDC_1942_INGITC_MobiTC	1
1	13	Tuto	828286.5	6260307.467	-0.816	-0.577	144.44	201109	201110	3	10	NUM	Cerema	TDC_2011_INGITC_MobiTC	1
1	14	Tuto	828344.043	6260225.682	-0.823	-0.568	-149.209	1942	0	3	50	NUM	Cerema	TDC_1942_INGITC_MobiTC	1
1	14	Tuto	828344.043	6260225.682	-0.823	-0.568	141.156	201109	201110	3	10	NUM	Cerema	TDC_2011_INGITC_MobiTC	1
1	15	Tuto	828397.033	6260140.895	-0.846	-0.533	-148.488	1942	0	3	50	NUM	Cerema	TDC_1942_INGITC_MobiTC	1
1	15	Tuto	828397.033	6260140.895	-0.846	-0.533	141.244	201109	201110	3	10	NUM	Cerema	TDC_2011_INGITC_MobiTC	1
1	16	Tuto	828448.796	6260055.335	-0.863	-0.505	-145.642	1942	0	3	50	NUM	Cerema	TDC_1942_INGITC_MobiTC	1
1	16	Tuto	828448.796	6260055.335	-0.863	-0.505	139.931	201109	201110	3	10	NUM	Cerema	TDC_2011_INGITC_MobiTC	1
1	17	Tuto	828498.527	6259968.634	-0.887	-0.462	-142.671	1942	0	3	50	NUM	Cerema	TDC_1942_INGITC_MobiTC	1
1	17	Tuto	828498.527	6259968.634	-0.887	-0.462	142.895	201109	201110	3	10	NUM	Cerema	TDC_2011_INGITC_MobiTC	1
1	18	Tuto	828543.313	6259879.224	-0.898	-0.44	-137.587	1942	0	3	50	NUM	Cerema	TDC_1942_INGITC_MobiTC	1
1	18	Tuto	828543.313	6259879.224	-0.898	-0.44	134.205	201109	201110	3	10	NUM	Cerema	TDC_2011_INGITC_MobiTC	1
1	19	Tuto	828586.643	6259789.125	-0.91	-0.414	-134.616	1942	0	3	50	NUM	Cerema	TDC_1942_INGITC_MobiTC	1
1	19	Tuto	828586.643	6259789.125	-0.91	-0.414	133.214	201109	201110	3	10	NUM	Cerema	TDC_2011_INGITC_MobiTC	1
1	20	Tuto	828627.166	6259697.703	-0.916	-0.401	-133.901	1942	0	3	50	NUM	Cerema	TDC_1942_INGITC_MobiTC	1
1	20	Tuto	828627.166	6259697.703	-0.916	-0.401	121.903	201109	201110	3	10	NUM	Cerema	TDC_2011_INGITC_MobiTC	1
1	21	Tuto	828666.191	6259605.636	-0.923	-0.384	-127.519	1942	0	3	50	NUM	Cerema	TDC_1942_INGITC_MobiTC	1
1	21	Tuto	828666.191	6259605.636	-0.923	-0.384	124.302	201109	201110	3	10	NUM	Cerema	TDC_2011_INGITC_MobiTC	1
1	22	Tuto	828704.162	6259513.134	-0.932	-0.363	-124.072	1942	0	3	50	NUM	Cerema	TDC_1942_INGITC_MobiTC	1
1	22	Tuto	828704.162	6259513.134	-0.932	-0.363	128.132	201109	201110	3	10	NUM	Cerema	TDC_2011_INGITC_MobiTC	1
1	23	Tuto	828739.808	6259419.703	-0.934	-0.357	-122.709	1942	0	3	50	NUM	Cerema	TDC_1942_INGITC_MobiTC	1
1	23	Tuto	828739.808	6259419.703	-0.934	-0.357	127.817	201109	201110	3	10	NUM	Cerema	TDC_2011_INGITC_MobiTC	1
1	24	Tuto	828774.926	6259326.072	-0.935	-0.355	-121.814	1942	0	3	50	NUM	Cerema	TDC_1942_INGITC_MobiTC	1
1	24	Tuto	828774.926	6259326.072	-0.935	-0.355	128.067	201109	201110	3	10	NUM	Cerema	TDC_2011_INGITC_MobiTC	1
1	25	Tuto	828810.949	6259232.79	-0.932	-0.361	-123.015	1942	0	3	50	NUM	Cerema	TDC_1942_INGITC_MobiTC	1
1	25	Tuto	828810.949	6259232.79	-0.932	-0.361	123.425	201109	201110	3	10	NUM	Cerema	TDC_2011_INGITC_MobiTC	1
1	26	Tuto	828846.588	6259139.361	-0.936	-0.352	-125.78	1942	0	3	50	NUM	Cerema	TDC_1942_INGITC_MobiTC	1
1	26	Tuto	828846.588	6259139.361	-0.936	-0.352	117.97	201109	201110	3	10	NUM	Cerema	TDC_2011_INGITC_MobiTC	1
1	27	Tuto	828881.5	6259045.654	-0.942	-0.336	-126.825	1942	0	3	50	NUM	Cerema	TDC_1942_INGITC_MobiTC	1
1	27	Tuto	828881.5	6259045.654	-0.942	-0.336	121.798	201109	201110	3	10	NUM	Cerema	TDC_2011_INGITC_MobiTC	1
1	28	Tuto	828914.539	6258951.285	-0.95	-0.313	-126.095	1942	0	3	50	NUM	Cerema	TDC_1942_INGITC_MobiTC	1
1	28	Tuto	828914.539	6258951.285	-0.95	-0.313	122.216	201109	201110	3	10	NUM	Cerema	TDC_2011_INGITC_MobiTC	1
1	29	Tuto	828945.146	6258856.084	-0.956	-0.293	-129.753	1942	0	3	50	NUM	Cerema	TDC_1942_INGITC_MobiTC	1
1	29	Tuto	828945.146	6258856.084	-0.956	-0.293	126.331	201109	201110	3	10	NUM	Cerema	TDC_2011_INGITC_MobiTC	1
1	30	Tuto	828974.504	6258760.502	-0.967	-0.253	-132.705	1942	0	3	50	NUM	Cerema	TDC_1942_INGITC_MobiTC	1
1	30	Tuto	828974.504	6258760.502	-0.967	-0.253	135.102	201109	201110	3	10	NUM	Cerema	TDC_2011_INGITC_MobiTC	1
1	31	Tuto	828998.528	6258663.431	-0.972	-0.236	-143.932	1942	0	3	50	NUM	Cerema	TDC_1942_INGITC_MobiTC	1
1	31	Tuto	828998.528	6258663.431	-0.972	-0.236	127.948	201109	201110	3	10	NUM	Cerema	TDC_2011_INGITC_MobiTC	1
1	32	Tuto	829022.199	6258566.277	-0.975	-0.223	-148.528	1942	0	3	50	NUM	Cerema	TDC_1942_INGITC_MobiTC	1
1	32	Tuto	829022.199	6258566.277	-0.975	-0.223	128.031	201109	201110	3	10	NUM	Cerema	TDC_2011_INGITC_MobiTC	1
1	33	Tuto	829044.133	6258468.712	-0.975	-0.224	-155.033	1942	0	3	50	NUM	Cerema	TDC_1942_INGITC_MobiTC	1
1	33	Tuto	829044.133	6258468.712	-0.975	-0.224	123.28	201109	201110	3	10	NUM	Cerema	TDC_2011_INGITC_MobiTC	1
1	34	Tuto	829066.292	6258371.2	-0.973	-0.232	160.401	20160702160954	20160702161126	3	15	LEV	RIVAGES	Rivages_Segments_MobiTC_Retenus	1
1	34	Tuto	829066.292	6258371.2	-0.973	-0.232	170.108	20160702161301	20160702161444	3	15	LEV	RIVAGES	Rivages_Segments_MobiTC_Retenus	1
1	34	Tuto	829066.292	6258371.2	-0.973	-0.232	-161.012	1942	0	3	50	NUM	Cerema	TDC_1942_INGITC_MobiTC	1
1	34	Tuto	829066.292	6258371.2	-0.973	-0.232	123.337	201109	201110	3	10	NUM	Cerema	TDC_2011_INGITC_MobiTC	1
1	35	Tuto	829087.752	6258273.532	-0.976	-0.219	165.027	20160702160639	20160702160921	3	15	LEV	RIVAGES	Rivages_Segments_MobiTC_Retenus	1
1	35	Tuto	829087.752	6258273.532	-0.976	-0.219	170.197	20160702161449	20160702161633	3	15	LEV	RIVAGES	Rivages_Segments_MobiTC_Retenus	1
1	35	Tuto	829087.752	6258273.532	-0.976	-0.219	-173.116	1942	0	3	50	NUM	Cerema	TDC_1942_INGITC_MobiTC	1
1	35	Tuto	829087.752	6258273.532	-0.976	-0.219	125.486	201109	201110	3	10	NUM	Cerema	TDC_2011_INGITC_MobiTC	1
1	36	Tuto	829109.047	6258175.825	-0.977	-0.214	174.268	20160702160639	20160702160921	3	15	LEV	RIVAGES	Rivages_Segments_MobiTC_Retenus	1
1	36	Tuto	829109.047	6258175.825	-0.977	-0.214	177.643	20160702161449	20160702161633	3	15	LEV	RIVAGES	Rivages_Segments_MobiTC_Retenus	1
1	36	Tuto	829109.047	6258175.825	-0.977	-0.214	-185.526	1942	0	3	50	NUM	Cerema	TDC_1942_INGITC_MobiTC	1
1	36	Tuto	829109.047	6258175.825	-0.977	-0.214	128.476	201109	201110	3	10	NUM	Cerema	TDC_2011_INGITC_MobiTC	1
1	37	Tuto	829130.342	6258078.119	-0.982	-0.188	190.265	20160702160639	20160702160921	3	15	LEV	RIVAGES	Rivages_Segments_MobiTC_Retenus	1
1	37	Tuto	829130.342	6258078.119	-0.982	-0.188	197.644	20160702161636	20160702161750	3	15	LEV	RIVAGES	Rivages_Segments_MobiTC_Retenus	1
1	37	Tuto	829130.342	6258078.119	-0.982	-0.188	-195.687	1942	0	3	50	NUM	Cerema	TDC_1942_INGITC_MobiTC	1
1	37	Tuto	829130.342	6258078.119	-0.982	-0.188	136.207	201109	201110	3	10	NUM	Cerema	TDC_2011_INGITC_MobiTC	1
1	38	Tuto	829143.267	6257979.075	-0.994	-0.111	198.778	20160702160036	20160702160621	3	15	LEV	RIVAGES	Rivages_Segments_MobiTC_Retenus	1
1	38	Tuto	829143.267	6257979.075	-0.994	-0.111	204.794	20160702161753	20160702162002	3	15	LEV	RIVAGES	Rivages_Segments_MobiTC_Retenus	1
1	38	Tuto	829143.267	6257979.075	-0.994	-0.111	-217.944	1942	0	3	50	NUM	Cerema	TDC_1942_INGITC_MobiTC	1
1	38	Tuto	829143.267	6257979.075	-0.994	-0.111	136.172	201109	201110	3	10	NUM	Cerema	TDC_2011_INGITC_MobiTC	1
1	39	Tuto	829151.761	6257879.436	-0.997	-0.08	210.272	20160702160036	20160702160621	3	15	LEV	RIVAGES	Rivages_Segments_MobiTC_Retenus	1
1	39	Tuto	829151.761	6257879.436	-0.997	-0.08	209.664	20160702162005	20160702162221	3	15	LEV	RIVAGES	Rivages_Segments_MobiTC_Retenus	1
1	39	Tuto	829151.761	6257879.436	-0.997	-0.08	-241.561	1942	0	3	50	NUM	Cerema	TDC_1942_INGITC_MobiTC	1
1	39	Tuto	829151.761	6257879.436	-0.997	-0.08	141.998	201109	201110	3	10	NUM	Cerema	TDC_2011_INGITC_MobiTC	1
1	40	Tuto	829159.032	6257779.709	-0.998	-0.064	231.898	20160702160036	20160702160621	3	15	LEV	RIVAGES	Rivages_Segments_MobiTC_Retenus	1
1	40	Tuto	829159.032	6257779.709	-0.998	-0.064	236.64	20160702162005	20160702162221	3	15	LEV	RIVAGES	Rivages_Segments_MobiTC_Retenus	1
1	40	Tuto	829159.032	6257779.709	-0.998	-0.064	-259.378	1942	0	3	50	NUM	Cerema	TDC_1942_INGITC_MobiTC	1
1	40	Tuto	829159.032	6257779.709	-0.998	-0.064	157.56	201109	201110	3	10	NUM	Cerema	TDC_2011_INGITC_MobiTC	1
1	41	Tuto	829164.546	6257679.861	-0.999	-0.04	259.729	20160702160036	20160702160621	3	15	LEV	RIVAGES	Rivages_Segments_MobiTC_Retenus	1
1	41	Tuto	829164.546	6257679.861	-0.999	-0.04	258.357	20160702162224	20160702162512	3	15	LEV	RIVAGES	Rivages_Segments_MobiTC_Retenus	1
1	41	Tuto	829164.546	6257679.861	-0.999	-0.04	-276.643	1942	0	3	50	NUM	Cerema	TDC_1942_INGITC_MobiTC	1
1	41	Tuto	829164.546	6257679.861	-0.999	-0.04	165.847	201109	201110	3	10	NUM	Cerema	TDC_2011_INGITC_MobiTC	1
1	42	Tuto	829163.407	6257579.891	-0.999	0.034	276.328	20160702162224	20160702162512	3	15	LEV	RIVAGES	Rivages_Segments_MobiTC_Retenus	1
1	42	Tuto	829163.407	6257579.891	-0.999	0.034	-286.694	1942	0	3	50	NUM	Cerema	TDC_1942_INGITC_MobiTC	1
1	42	Tuto	829163.407	6257579.891	-0.999	0.034	178.825	201109	201110	3	10	NUM	Cerema	TDC_2011_INGITC_MobiTC	1
1	43	Tuto	829158.183	6257480.102	-0.987	0.159	291.406	20160702155917	20160702155955	3	15	LEV	RIVAGES	Rivages_Segments_MobiTC_Retenus	1
1	43	Tuto	829158.183	6257480.102	-0.987	0.159	292.741	20160702162224	20160702162512	3	15	LEV	RIVAGES	Rivages_Segments_MobiTC_Retenus	1
1	43	Tuto	829158.183	6257480.102	-0.987	0.159	-300.575	1942	0	3	50	NUM	Cerema	TDC_1942_INGITC_MobiTC	1
1	43	Tuto	829158.183	6257480.102	-0.987	0.159	176.56	201109	201110	3	10	NUM	Cerema	TDC_2011_INGITC_MobiTC	1
1	44	Tuto	829133.991	6257383.195	-0.961	0.275	295.575	20160702155714	20160702155914	3	15	LEV	RIVAGES	Rivages_Segments_MobiTC_Retenus	1
1	44	Tuto	829133.991	6257383.195	-0.961	0.275	292.268	20160702162515	20160702162752	3	15	LEV	RIVAGES	Rivages_Segments_MobiTC_Retenus	1
1	44	Tuto	829133.991	6257383.195	-0.961	0.275	-309.061	1942	0	3	50	NUM	Cerema	TDC_1942_INGITC_MobiTC	1
1	44	Tuto	829133.991	6257383.195	-0.961	0.275	166.693	201109	201110	3	10	NUM	Cerema	TDC_2011_INGITC_MobiTC	1
1	45	Tuto	829103.545	6257287.943	-0.948	0.319	311.217	20160702155714	20160702155914	3	15	LEV	RIVAGES	Rivages_Segments_MobiTC_Retenus	1
1	45	Tuto	829103.545	6257287.943	-0.948	0.319	307.669	20160702162515	20160702162752	3	15	LEV	RIVAGES	Rivages_Segments_MobiTC_Retenus	1
1	45	Tuto	829103.545	6257287.943	-0.948	0.319	-354.453	1942	0	3	50	NUM	Cerema	TDC_1942_INGITC_MobiTC	1
1	45	Tuto	829103.545	6257287.943	-0.948	0.319	202.494	201109	201110	3	10	NUM	Cerema	TDC_2011_INGITC_MobiTC	1
1	46	Tuto	829070.398	6257193.673	-0.931	0.364	317.972	20160702143628	20160702143658	3	15	LEV	RIVAGES	Rivages_Segments_MobiTC_Retenus	1
1	46	Tuto	829070.398	6257193.673	-0.931	0.364	-348.275	1942	0	3	50	NUM	Cerema	TDC_1942_INGITC_MobiTC	1
1	46	Tuto	829070.398	6257193.673	-0.931	0.364	216.488	201109	201110	3	10	NUM	Cerema	TDC_2011_INGITC_MobiTC	1
1	47	Tuto	829032.503	6257101.132	-0.925	0.379	337.393	20160702143549	20160702143625	3	10	LEV	RIVAGES	Rivages_Segments_MobiTC_Retenus	1
1	47	Tuto	829032.503	6257101.132	-0.925	0.379	-377.652	1942	0	3	50	NUM	Cerema	TDC_1942_INGITC_MobiTC	1
1	47	Tuto	829032.503	6257101.132	-0.925	0.379	253.171	201109	201110	3	10	NUM	Cerema	TDC_2011_INGITC_MobiTC	1
1	48	Tuto	828994.608	6257008.59	-0.925	0.379	351.566	20160702143433	20160702143523	3	15	LEV	RIVAGES	Rivages_Segments_MobiTC_Retenus	1
1	48	Tuto	828994.608	6257008.59	-0.925	0.379	-382.747	1942	0	3	50	NUM	Cerema	TDC_1942_INGITC_MobiTC	1
1	48	Tuto	828994.608	6257008.59	-0.925	0.379	302.159	201109	201110	3	10	NUM	Cerema	TDC_2011_INGITC_MobiTC	3
1	49	Tuto	828956.712	6256916.049	-0.917	0.399	351.377	20160702143213	20160702143346	3	15	LEV	RIVAGES	Rivages_Segments_MobiTC_Retenus	1
1	49	Tuto	828956.712	6256916.049	-0.917	0.399	-384.158	1942	0	3	50	NUM	Cerema	TDC_1942_INGITC_MobiTC	3
1	49	Tuto	828956.712	6256916.049	-0.917	0.399	335.388	201109	201110	3	10	NUM	Cerema	TDC_2011_INGITC_MobiTC	1
1	50	Tuto	828914.857	6256825.379	-0.84	0.543	366.396	20160702143213	20160702143346	3	15	LEV	RIVAGES	Rivages_Segments_MobiTC_Retenus	1
1	50	Tuto	828914.857	6256825.379	-0.84	0.543	-113.443	1942	0	3	50	NUM	Cerema	TDC_1942_INGITC_MobiTC	2
1	50	Tuto	828914.857	6256825.379	-0.84	0.543	344.914	201109	201110	3	10	NUM	Cerema	TDC_2011_INGITC_MobiTC	1
1	51	Tuto	828846.679	6256756.653	-0.615	0.789	364.286	20160702143213	20160702143346	3	15	LEV	RIVAGES	Rivages_Segments_MobiTC_Retenus	1
1	51	Tuto	828846.679	6256756.653	-0.615	0.789	-90.762	1942	0	3	50	NUM	Cerema	TDC_1942_INGITC_MobiTC	1
1	51	Tuto	828846.679	6256756.653	-0.615	0.789	344.1	201109	201110	3	10	NUM	Cerema	TDC_2011_INGITC_MobiTC	1
1	52	Tuto	828762.032	6256703.408	-0.514	0.858	353.175	20160702143213	20160702143346	3	15	LEV	RIVAGES	Rivages_Segments_MobiTC_Retenus	1
1	52	Tuto	828762.032	6256703.408	-0.514	0.858	-94.577	1942	0	3	50	NUM	Cerema	TDC_1942_INGITC_MobiTC	1
1	52	Tuto	828762.032	6256703.408	-0.514	0.858	316.998	201109	201110	3	10	NUM	Cerema	TDC_2011_INGITC_MobiTC	1
1	53	Tuto	828674.677	6256654.861	-0.459	0.889	-107.681	1942	0	3	50	NUM	Cerema	TDC_1942_INGITC_MobiTC	1
1	53	Tuto	828674.677	6256654.861	-0.459	0.889	295.566	201109	201110	3	10	NUM	Cerema	TDC_2011_INGITC_MobiTC	1
1	54	Tuto	828584.849	6256610.92	-0.44	0.898	-125.145	1942	0	3	50	NUM	Cerema	TDC_1942_INGITC_MobiTC	1
1	54	Tuto	828584.849	6256610.92	-0.44	0.898	233.282	201109	201110	3	10	NUM	Cerema	TDC_2011_INGITC_MobiTC	1
1	55	Tuto	828495.02	6256566.98	-0.44	0.898	-149.186	1942	0	3	50	NUM	Cerema	TDC_1942_INGITC_MobiTC	1
1	55	Tuto	828495.02	6256566.98	-0.44	0.898	208.311	201109	201110	3	10	NUM	Cerema	TDC_2011_INGITC_MobiTC	1
1	56	Tuto	828405.191	6256523.039	-0.433	0.901	-175.748	1942	0	3	50	NUM	Cerema	TDC_1942_INGITC_MobiTC	1
1	56	Tuto	828405.191	6256523.039	-0.433	0.901	180.67	201109	201110	3	10	NUM	Cerema	TDC_2011_INGITC_MobiTC	1
1	57	Tuto	828315.227	6256479.383	-0.401	0.916	-192.547	1942	0	3	50	NUM	Cerema	TDC_1942_INGITC_MobiTC	1
1	57	Tuto	828315.227	6256479.383	-0.401	0.916	170.779	201109	201110	3	10	NUM	Cerema	TDC_2011_INGITC_MobiTC	1
1	58	Tuto	828222.464	6256442.067	-0.357	0.934	198.973	20160702142050	20160702142103	3	10	LEV	RIVAGES	Rivages_Segments_MobiTC_Retenus	1
1	58	Tuto	828222.464	6256442.067	-0.357	0.934	-222.072	1942	0	3	50	NUM	Cerema	TDC_1942_INGITC_MobiTC	1
1	58	Tuto	828222.464	6256442.067	-0.357	0.934	211.906	201109	201110	3	10	NUM	Cerema	TDC_2011_INGITC_MobiTC	1
1	58	Tuto	828222.464	6256442.067	-0.357	0.934	205.568	2013	0	3	10	NUM	Cerema	TDC_Pleiades_2013_MobiTC	1
1	59	Tuto	828128.614	6256407.538	-0.345	0.939	161.576	20160702141943	20160702142017	3	15	LEV	RIVAGES	Rivages_Segments_MobiTC_Retenus	1
1	59	Tuto	828128.614	6256407.538	-0.345	0.939	-213.352	1942	0	3	50	NUM	Cerema	TDC_1942_INGITC_MobiTC	1
1	59	Tuto	828128.614	6256407.538	-0.345	0.939	169.911	201109	201110	3	10	NUM	Cerema	TDC_2011_INGITC_MobiTC	1
1	59	Tuto	828128.614	6256407.538	-0.345	0.939	164.258	2013	0	3	10	NUM	Cerema	TDC_Pleiades_2013_MobiTC	1
1	60	Tuto	828034.783	6256372.958	-0.349	0.937	-211.209	1942	0	3	50	NUM	Cerema	TDC_1942_INGITC_MobiTC	1
1	60	Tuto	828034.783	6256372.958	-0.349	0.937	129.309	201109	201110	3	10	NUM	Cerema	TDC_2011_INGITC_MobiTC	1
1	60	Tuto	828034.783	6256372.958	-0.349	0.937	129.176	2013	0	3	10	NUM	Cerema	TDC_Pleiades_2013_MobiTC	1
1	61	Tuto	827940.973	6256338.325	-0.372	0.928	-238.055	1942	0	3	50	NUM	Cerema	TDC_1942_INGITC_MobiTC	1
1	61	Tuto	827940.973	6256338.325	-0.372	0.928	106.415	201109	201110	3	10	NUM	Cerema	TDC_2011_INGITC_MobiTC	1
1	61	Tuto	827940.973	6256338.325	-0.372	0.928	100.632	2013	0	3	10	NUM	Cerema	TDC_Pleiades_2013_MobiTC	1
1	62	Tuto	827849.86	6256297.196	-0.417	0.909	-226.864	1942	0	3	50	NUM	Cerema	TDC_1942_INGITC_MobiTC	1
1	62	Tuto	827849.86	6256297.196	-0.417	0.909	90.756	201109	201110	3	10	NUM	Cerema	TDC_2011_INGITC_MobiTC	1
1	62	Tuto	827849.86	6256297.196	-0.417	0.909	82.871	2013	0	3	10	NUM	Cerema	TDC_Pleiades_2013_MobiTC	1
1	63	Tuto	827759.603	6256254.142	-0.431	0.902	-246.326	1942	0	3	50	NUM	Cerema	TDC_1942_INGITC_MobiTC	1
1	63	Tuto	827759.603	6256254.142	-0.431	0.902	81.908	201109	201110	3	10	NUM	Cerema	TDC_2011_INGITC_MobiTC	1
1	63	Tuto	827759.603	6256254.142	-0.431	0.902	71.935	2013	0	3	10	NUM	Cerema	TDC_Pleiades_2013_MobiTC	1
1	64	Tuto	827669.346	6256211.088	-0.431	0.902	-261.747	1942	0	3	50	NUM	Cerema	TDC_1942_INGITC_MobiTC	1
1	64	Tuto	827669.346	6256211.088	-0.431	0.902	77.612	201109	201110	3	10	NUM	Cerema	TDC_2011_INGITC_MobiTC	1
1	64	Tuto	827669.346	6256211.088	-0.431	0.902	66.587	2013	0	3	10	NUM	Cerema	TDC_Pleiades_2013_MobiTC	1
1	65	Tuto	827579.088	6256168.034	-0.416	0.909	-287.84	1942	0	3	50	NUM	Cerema	TDC_1942_INGITC_MobiTC	1
1	65	Tuto	827579.088	6256168.034	-0.416	0.909	288.253	201109	201110	3	10	NUM	Cerema	TDC_2011_INGITC_MobiTC	2
1	65	Tuto	827579.088	6256168.034	-0.416	0.909	76.655	2013	0	3	10	NUM	Cerema	TDC_Pleiades_2013_MobiTC	1
1	66	Tuto	827487.781	6256127.365	-0.375	0.927	-322.37	1942	0	3	50	NUM	Cerema	TDC_1942_INGITC_MobiTC	1
1	66	Tuto	827487.781	6256127.365	-0.375	0.927	327.645	201109	201110	3	10	NUM	Cerema	TDC_2011_INGITC_MobiTC	2
1	66	Tuto	827487.781	6256127.365	-0.375	0.927	90.711	2013	0	3	10	NUM	Cerema	TDC_Pleiades_2013_MobiTC	1
1	67	Tuto	827394.097	6256092.397	-0.385	0.923	-357.078	1942	0	3	50	NUM	Cerema	TDC_1942_INGITC_MobiTC	1
1	67	Tuto	827394.097	6256092.397	-0.385	0.923	339.121	201109	201110	3	10	NUM	Cerema	TDC_2011_INGITC_MobiTC	2
1	67	Tuto	827394.097	6256092.397	-0.385	0.923	279.263	2013	0	3	10	NUM	Cerema	TDC_Pleiades_2013_MobiTC	1
1	68	Tuto	827303.5	6256050.118	-0.422	0.906	-378.48	1942	0	3	50	NUM	Cerema	TDC_1942_INGITC_MobiTC	1
1	68	Tuto	827303.5	6256050.118	-0.422	0.906	335.505	201109	201110	3	10	NUM	Cerema	TDC_2011_INGITC_MobiTC	3
1	68	Tuto	827303.5	6256050.118	-0.422	0.906	369.339	2013	0	3	10	NUM	Cerema	TDC_Pleiades_2013_MobiTC	1
1	69	Tuto	827213.464	6256006.608	-0.419	0.908	-402.848	1942	0	3	50	NUM	Cerema	TDC_1942_INGITC_MobiTC	1
1	69	Tuto	827213.464	6256006.608	-0.419	0.908	337.576	201109	201110	3	10	NUM	Cerema	TDC_2011_INGITC_MobiTC	1
1	69	Tuto	827213.464	6256006.608	-0.419	0.908	395.003	2013	0	3	10	NUM	Cerema	TDC_Pleiades_2013_MobiTC	1
1	70	Tuto	827121.119	6255968.555	-0.378	0.926	-346.221	1942	0	3	50	NUM	Cerema	TDC_1942_INGITC_MobiTC	1
1	70	Tuto	827121.119	6255968.555	-0.378	0.926	331.272	201109	201110	3	10	NUM	Cerema	TDC_2011_INGITC_MobiTC	1
1	70	Tuto	827121.119	6255968.555	-0.378	0.926	394.785	2013	0	3	10	NUM	Cerema	TDC_Pleiades_2013_MobiTC	1
1	71	Tuto	827029.12	6255929.486	-0.434	0.901	-349.524	1942	0	3	50	NUM	Cerema	TDC_1942_INGITC_MobiTC	1
1	71	Tuto	827029.12	6255929.486	-0.434	0.901	318.05	201109	201110	3	10	NUM	Cerema	TDC_2011_INGITC_MobiTC	1
1	71	Tuto	827029.12	6255929.486	-0.434	0.901	461.304	2013	0	3	10	NUM	Cerema	TDC_Pleiades_2013_MobiTC	1
1	72	Tuto	826939.485	6255885.315	-0.535	0.845	-364.386	1942	0	3	50	NUM	Cerema	TDC_1942_INGITC_MobiTC	1
1	72	Tuto	826939.485	6255885.315	-0.535	0.845	370.644	201109	201110	3	10	NUM	Cerema	TDC_2011_INGITC_MobiTC	1
1	72	Tuto	826939.485	6255885.315	-0.535	0.845	472.014	2013	0	3	10	NUM	Cerema	TDC_Pleiades_2013_MobiTC	1
1	73	Tuto	826858.782	6255826.325	-0.607	0.795	-375.779	1942	0	3	50	NUM	Cerema	TDC_1942_INGITC_MobiTC	1
1	73	Tuto	826858.782	6255826.325	-0.607	0.795	399.942	201109	201110	3	10	NUM	Cerema	TDC_2011_INGITC_MobiTC	1
1	73	Tuto	826858.782	6255826.325	-0.607	0.795	481.809	2013	0	3	10	NUM	Cerema	TDC_Pleiades_2013_MobiTC	1
1	74	Tuto	826781.559	6255762.793	-0.633	0.774	-384.598	1942	0	3	50	NUM	Cerema	TDC_1942_INGITC_MobiTC	1
1	74	Tuto	826781.559	6255762.793	-0.633	0.774	441.106	201109	201110	3	10	NUM	Cerema	TDC_2011_INGITC_MobiTC	1
1	74	Tuto	826781.559	6255762.793	-0.633	0.774	476.097	2013	0	3	10	NUM	Cerema	TDC_Pleiades_2013_MobiTC	1
1	75	Tuto	826704.421	6255699.155	-0.651	0.759	-402.503	1942	0	3	50	NUM	Cerema	TDC_1942_INGITC_MobiTC	1
1	75	Tuto	826704.421	6255699.155	-0.651	0.759	441.069	201109	201110	3	10	NUM	Cerema	TDC_2011_INGITC_MobiTC	1
1	75	Tuto	826704.421	6255699.155	-0.651	0.759	452.466	2013	0	3	10	NUM	Cerema	TDC_Pleiades_2013_MobiTC	1
1	76	Tuto	826627.609	6255635.158	-0.695	0.719	-425.138	1942	0	3	50	NUM	Cerema	TDC_1942_INGITC_MobiTC	1
1	76	Tuto	826627.609	6255635.158	-0.695	0.719	501.554	201109	201110	3	10	NUM	Cerema	TDC_2011_INGITC_MobiTC	1
1	76	Tuto	826627.609	6255635.158	-0.695	0.719	435.718	2013	0	3	10	NUM	Cerema	TDC_Pleiades_2013_MobiTC	1
1	77	Tuto	826557.074	6255564.272	-0.709	0.705	-447.917	1942	0	3	50	NUM	Cerema	TDC_1942_INGITC_MobiTC	1
1	77	Tuto	826557.074	6255564.272	-0.709	0.705	477.983	201109	201110	3	10	NUM	Cerema	TDC_2011_INGITC_MobiTC	1
1	77	Tuto	826557.074	6255564.272	-0.709	0.705	423.603	2013	0	3	10	NUM	Cerema	TDC_Pleiades_2013_MobiTC	1
1	78	Tuto	826486.539	6255493.386	-0.721	0.693	-479.728	1942	0	3	50	NUM	Cerema	TDC_1942_INGITC_MobiTC	1
1	78	Tuto	826486.539	6255493.386	-0.721	0.693	462.746	201109	201110	3	10	NUM	Cerema	TDC_2011_INGITC_MobiTC	1
1	78	Tuto	826486.539	6255493.386	-0.721	0.693	434.599	2013	0	3	10	NUM	Cerema	TDC_Pleiades_2013_MobiTC	1
1	79	Tuto	826418.444	6255420.202	-0.765	0.644	-495.107	1942	0	3	50	NUM	Cerema	TDC_1942_INGITC_MobiTC	1
1	79	Tuto	826418.444	6255420.202	-0.765	0.644	437.644	201109	201110	3	10	NUM	Cerema	TDC_2011_INGITC_MobiTC	1
1	79	Tuto	826418.444	6255420.202	-0.765	0.644	449.577	2013	0	3	10	NUM	Cerema	TDC_Pleiades_2013_MobiTC	1
1	80	Tuto	826357.847	6255340.7	-0.851	0.525	-490.964	1942	0	3	50	NUM	Cerema	TDC_1942_INGITC_MobiTC	1
1	80	Tuto	826357.847	6255340.7	-0.851	0.525	455.431	201109	201110	3	10	NUM	Cerema	TDC_2011_INGITC_MobiTC	1
1	80	Tuto	826357.847	6255340.7	-0.851	0.525	503.936	2013	0	3	10	NUM	Cerema	TDC_Pleiades_2013_MobiTC	1
1	81	Tuto	826319.141	6255250.361	-0.964	0.267	-506.626	1942	0	3	50	NUM	Cerema	TDC_1942_INGITC_MobiTC	1
1	81	Tuto	826319.141	6255250.361	-0.964	0.267	475.68	201109	201110	3	10	NUM	Cerema	TDC_2011_INGITC_MobiTC	1
1	81	Tuto	826319.141	6255250.361	-0.964	0.267	509.173	2013	0	3	10	NUM	Cerema	TDC_Pleiades_2013_MobiTC	1
1	82	Tuto	826300.004	6255152.299	-0.994	0.105	-496.861	1942	0	3	50	NUM	Cerema	TDC_1942_INGITC_MobiTC	1
1	82	Tuto	826300.004	6255152.299	-0.994	0.105	469.967	201109	201110	3	10	NUM	Cerema	TDC_2011_INGITC_MobiTC	1
1	82	Tuto	826300.004	6255152.299	-0.994	0.105	475.842	2013	0	3	10	NUM	Cerema	TDC_Pleiades_2013_MobiTC	1
1	83	Tuto	826292.833	6255052.6	-1	0.018	-466.821	1942	0	3	50	NUM	Cerema	TDC_1942_INGITC_MobiTC	1
1	83	Tuto	826292.833	6255052.6	-1	0.018	440.173	201109	201110	3	10	NUM	Cerema	TDC_2011_INGITC_MobiTC	1
1	83	Tuto	826292.833	6255052.6	-1	0.018	451.879	2013	0	3	10	NUM	Cerema	TDC_Pleiades_2013_MobiTC	1
1	84	Tuto	826294.079	6254952.647	-0.999	-0.05	-440.104	1942	0	3	50	NUM	Cerema	TDC_1942_INGITC_MobiTC	1
1	84	Tuto	826294.079	6254952.647	-0.999	-0.05	405.611	201109	201110	3	10	NUM	Cerema	TDC_2011_INGITC_MobiTC	1
1	84	Tuto	826294.079	6254952.647	-0.999	-0.05	418.085	2013	0	3	10	NUM	Cerema	TDC_Pleiades_2013_MobiTC	1
1	85	Tuto	826303.084	6254853.062	-0.996	-0.093	-393.323	1942	0	3	50	NUM	Cerema	TDC_1942_INGITC_MobiTC	1
1	85	Tuto	826303.084	6254853.062	-0.996	-0.093	366.898	201109	201110	3	10	NUM	Cerema	TDC_2011_INGITC_MobiTC	1
1	85	Tuto	826303.084	6254853.062	-0.996	-0.093	395.048	2013	0	3	10	NUM	Cerema	TDC_Pleiades_2013_MobiTC	1
1	86	Tuto	826314.436	6254753.715	-0.992	-0.122	-339.737	1942	0	3	50	NUM	Cerema	TDC_1942_INGITC_MobiTC	1
1	86	Tuto	826314.436	6254753.715	-0.992	-0.122	335.813	201109	201110	3	10	NUM	Cerema	TDC_2011_INGITC_MobiTC	1
1	86	Tuto	826314.436	6254753.715	-0.992	-0.122	360.176	2013	0	3	10	NUM	Cerema	TDC_Pleiades_2013_MobiTC	1
1	87	Tuto	826327.01	6254654.512	-0.984	-0.178	-305.56	1942	0	3	50	NUM	Cerema	TDC_1942_INGITC_MobiTC	1
1	87	Tuto	826327.01	6254654.512	-0.984	-0.178	297.454	201109	201110	3	10	NUM	Cerema	TDC_2011_INGITC_MobiTC	1
1	87	Tuto	826327.01	6254654.512	-0.984	-0.178	311.215	2013	0	3	10	NUM	Cerema	TDC_Pleiades_2013_MobiTC	1
1	88	Tuto	826350.075	6254557.33	-0.951	-0.309	-286.416	1942	0	3	50	NUM	Cerema	TDC_1942_INGITC_MobiTC	1
1	88	Tuto	826350.075	6254557.33	-0.951	-0.309	250.89	201109	201110	3	10	NUM	Cerema	TDC_2011_INGITC_MobiTC	1
1	88	Tuto	826350.075	6254557.33	-0.951	-0.309	268.647	2013	0	3	10	NUM	Cerema	TDC_Pleiades_2013_MobiTC	1
1	89	Tuto	826390.608	6254466.054	-0.905	-0.425	-247.779	1942	0	3	50	NUM	Cerema	TDC_1942_INGITC_MobiTC	1
1	89	Tuto	826390.608	6254466.054	-0.905	-0.425	235.286	201109	201110	3	10	NUM	Cerema	TDC_2011_INGITC_MobiTC	1
1	89	Tuto	826390.608	6254466.054	-0.905	-0.425	250.418	2013	0	3	10	NUM	Cerema	TDC_Pleiades_2013_MobiTC	1
1	90	Tuto	826435.796	6254376.861	-0.882	-0.471	-170.097	1942	0	3	50	NUM	Cerema	TDC_1942_INGITC_MobiTC	1
1	90	Tuto	826435.796	6254376.861	-0.882	-0.471	217.423	201109	201110	3	10	NUM	Cerema	TDC_2011_INGITC_MobiTC	1
1	90	Tuto	826435.796	6254376.861	-0.882	-0.471	227.837	2013	0	3	10	NUM	Cerema	TDC_Pleiades_2013_MobiTC	1
1	91	Tuto	826483.591	6254289.022	-0.878	-0.479	-121.711	1942	0	3	50	NUM	Cerema	TDC_1942_INGITC_MobiTC	1
1	91	Tuto	826483.591	6254289.022	-0.878	-0.479	201.29	201109	201110	3	10	NUM	Cerema	TDC_2011_INGITC_MobiTC	1
1	91	Tuto	826483.591	6254289.022	-0.878	-0.479	211.946	2013	0	3	10	NUM	Cerema	TDC_Pleiades_2013_MobiTC	1
1	92	Tuto	826531.592	6254201.296	-0.877	-0.48	-93.151	1942	0	3	50	NUM	Cerema	TDC_1942_INGITC_MobiTC	1
1	92	Tuto	826531.592	6254201.296	-0.877	-0.48	186.892	201109	201110	3	10	NUM	Cerema	TDC_2011_INGITC_MobiTC	1
1	92	Tuto	826531.592	6254201.296	-0.877	-0.48	192.172	2013	0	3	10	NUM	Cerema	TDC_Pleiades_2013_MobiTC	1
1	93	Tuto	826579.594	6254113.57	-0.873	-0.488	-78.529	1942	0	3	50	NUM	Cerema	TDC_1942_INGITC_MobiTC	1
1	93	Tuto	826579.594	6254113.57	-0.873	-0.488	167.15	201109	201110	3	10	NUM	Cerema	TDC_2011_INGITC_MobiTC	1
1	93	Tuto	826579.594	6254113.57	-0.873	-0.488	168.466	2013	0	3	10	NUM	Cerema	TDC_Pleiades_2013_MobiTC	1
1	94	Tuto	826628.556	6254026.383	-0.858	-0.513	-57.526	1942	0	3	50	NUM	Cerema	TDC_1942_INGITC_MobiTC	1
1	94	Tuto	826628.556	6254026.383	-0.858	-0.513	148.367	201109	201110	3	10	NUM	Cerema	TDC_2011_INGITC_MobiTC	1
1	94	Tuto	826628.556	6254026.383	-0.858	-0.513	143.214	2013	0	3	10	NUM	Cerema	TDC_Pleiades_2013_MobiTC	1
1	95	Tuto	826680.669	6253941.036	-0.853	-0.523	-47.471	1942	0	3	50	NUM	Cerema	TDC_1942_INGITC_MobiTC	1
1	95	Tuto	826680.669	6253941.036	-0.853	-0.523	122.933	201109	201110	3	10	NUM	Cerema	TDC_2011_INGITC_MobiTC	1
1	95	Tuto	826680.669	6253941.036	-0.853	-0.523	111.644	2013	0	3	10	NUM	Cerema	TDC_Pleiades_2013_MobiTC	1
1	96	Tuto	826734.369	6253856.681	-0.85	-0.527	-40.289	1942	0	3	50	NUM	Cerema	TDC_1942_INGITC_MobiTC	1
1	96	Tuto	826734.369	6253856.681	-0.85	-0.527	95.297	201109	201110	3	10	NUM	Cerema	TDC_2011_INGITC_MobiTC	1
1	96	Tuto	826734.369	6253856.681	-0.85	-0.527	83.978	2013	0	3	10	NUM	Cerema	TDC_Pleiades_2013_MobiTC	1
1	97	Tuto	826787.403	6253771.903	-0.821	-0.571	-44.629	1942	0	3	50	NUM	Cerema	TDC_1942_INGITC_MobiTC	1
1	97	Tuto	826787.403	6253771.903	-0.821	-0.571	63.864	201109	201110	3	10	NUM	Cerema	TDC_2011_INGITC_MobiTC	1
1	97	Tuto	826787.403	6253771.903	-0.821	-0.571	44.19	2013	0	3	10	NUM	Cerema	TDC_Pleiades_2013_MobiTC	1
1	98	Tuto	826849.046	6253693.919	-0.73	-0.684	-38.325	1942	0	3	50	NUM	Cerema	TDC_1942_INGITC_MobiTC	1
1	98	Tuto	826849.046	6253693.919	-0.73	-0.684	37.509	201109	201110	3	10	NUM	Cerema	TDC_2011_INGITC_MobiTC	1
1	98	Tuto	826849.046	6253693.919	-0.73	-0.684	9.497	2013	0	3	10	NUM	Cerema	TDC_Pleiades_2013_MobiTC	1
1	99	Tuto	826920.699	6253624.163	-0.697	-0.718	-10.784	1942	0	3	50	NUM	Cerema	TDC_1942_INGITC_MobiTC	1
1	99	Tuto	826920.699	6253624.163	-0.697	-0.718	29.661	201109	201110	3	10	NUM	Cerema	TDC_2011_INGITC_MobiTC	1
1	99	Tuto	826920.699	6253624.163	-0.697	-0.718	-13.05	2013	0	3	10	NUM	Cerema	TDC_Pleiades_2013_MobiTC	1
1	100	Tuto	826992.352	6253554.407	-0.681	-0.732	-8.192	1942	0	3	50	NUM	Cerema	TDC_1942_INGITC_MobiTC	1
1	100	Tuto	826992.352	6253554.407	-0.681	-0.732	18.239	201109	201110	3	10	NUM	Cerema	TDC_2011_INGITC_MobiTC	1
1	100	Tuto	826992.352	6253554.407	-0.681	-0.732	-32.823	2013	0	3	10	NUM	Cerema	TDC_Pleiades_2013_MobiTC	1
1	101	Tuto	827066.524	6253487.537	-0.63	-0.777	8.274	1942	0	3	50	NUM	Cerema	TDC_1942_INGITC_MobiTC	1
1	101	Tuto	827066.524	6253487.537	-0.63	-0.777	-1.936	201109	201110	3	10	NUM	Cerema	TDC_2011_INGITC_MobiTC	1
1	101	Tuto	827066.524	6253487.537	-0.63	-0.777	-37.415	2013	0	3	10	NUM	Cerema	TDC_Pleiades_2013_MobiTC	1
1	102	Tuto	827145.629	6253426.362	-0.612	-0.791	39.671	1942	0	3	50	NUM	Cerema	TDC_1942_INGITC_MobiTC	1
1	102	Tuto	827145.629	6253426.362	-0.612	-0.791	-5.599	201109	201110	3	10	NUM	Cerema	TDC_2011_INGITC_MobiTC	1
1	102	Tuto	827145.629	6253426.362	-0.612	-0.791	-38.782	2013	0	3	10	NUM	Cerema	TDC_Pleiades_2013_MobiTC	1
1	103	Tuto	827224.734	6253365.187	-0.618	-0.786	45.802	1942	0	3	50	NUM	Cerema	TDC_1942_INGITC_MobiTC	1
1	103	Tuto	827224.734	6253365.187	-0.618	-0.786	-13.494	201109	201110	3	10	NUM	Cerema	TDC_2011_INGITC_MobiTC	1
1	103	Tuto	827224.734	6253365.187	-0.618	-0.786	-57.524	2013	0	3	10	NUM	Cerema	TDC_Pleiades_2013_MobiTC	1
1	104	Tuto	827305.061	6253305.681	-0.629	-0.778	61.21	1942	0	3	50	NUM	Cerema	TDC_1942_INGITC_MobiTC	1
1	104	Tuto	827305.061	6253305.681	-0.629	-0.778	-19.439	201109	201110	3	10	NUM	Cerema	TDC_2011_INGITC_MobiTC	1
1	104	Tuto	827305.061	6253305.681	-0.629	-0.778	-69.637	2013	0	3	10	NUM	Cerema	TDC_Pleiades_2013_MobiTC	1
1	105	Tuto	827382.885	6253242.889	-0.615	-0.789	71.738	1942	0	3	50	NUM	Cerema	TDC_1942_INGITC_MobiTC	1
1	105	Tuto	827382.885	6253242.889	-0.615	-0.789	-33.873	201109	201110	3	10	NUM	Cerema	TDC_2011_INGITC_MobiTC	1
1	105	Tuto	827382.885	6253242.889	-0.615	-0.789	-75.924	2013	0	3	10	NUM	Cerema	TDC_Pleiades_2013_MobiTC	1
1	106	Tuto	827463.057	6253183.144	-0.588	-0.809	83.689	1942	0	3	50	NUM	Cerema	TDC_1942_INGITC_MobiTC	1
1	106	Tuto	827463.057	6253183.144	-0.588	-0.809	-50.836	201109	201110	3	10	NUM	Cerema	TDC_2011_INGITC_MobiTC	1
1	106	Tuto	827463.057	6253183.144	-0.588	-0.809	-80.985	2013	0	3	10	NUM	Cerema	TDC_Pleiades_2013_MobiTC	1
1	107	Tuto	827544.566	6253125.215	-0.571	-0.821	95.451	1942	0	3	50	NUM	Cerema	TDC_1942_INGITC_MobiTC	1
1	107	Tuto	827544.566	6253125.215	-0.571	-0.821	-62.363	201109	201110	3	10	NUM	Cerema	TDC_2011_INGITC_MobiTC	1
1	107	Tuto	827544.566	6253125.215	-0.571	-0.821	-92.612	2013	0	3	10	NUM	Cerema	TDC_Pleiades_2013_MobiTC	1
1	108	Tuto	827627.229	6253068.945	-0.56	-0.828	103.506	1942	0	3	50	NUM	Cerema	TDC_1942_INGITC_MobiTC	1
1	108	Tuto	827627.229	6253068.945	-0.56	-0.828	-68.296	201109	201110	3	10	NUM	Cerema	TDC_2011_INGITC_MobiTC	1
1	108	Tuto	827627.229	6253068.945	-0.56	-0.828	-99.745	2013	0	3	10	NUM	Cerema	TDC_Pleiades_2013_MobiTC	1
1	109	Tuto	827710.25	6253013.2	-0.556	-0.831	115.346	1942	0	3	50	NUM	Cerema	TDC_1942_INGITC_MobiTC	1
1	109	Tuto	827710.25	6253013.2	-0.556	-0.831	-77.462	201109	201110	3	10	NUM	Cerema	TDC_2011_INGITC_MobiTC	1
1	109	Tuto	827710.25	6253013.2	-0.556	-0.831	-108.799	2013	0	3	10	NUM	Cerema	TDC_Pleiades_2013_MobiTC	1
1	110	Tuto	827793.48	6252957.772	-0.553	-0.833	125.107	1942	0	3	50	NUM	Cerema	TDC_1942_INGITC_MobiTC	1
1	110	Tuto	827793.48	6252957.772	-0.553	-0.833	-92.864	201109	201110	3	10	NUM	Cerema	TDC_2011_INGITC_MobiTC	1
1	110	Tuto	827793.48	6252957.772	-0.553	-0.833	-124.43	2013	0	3	10	NUM	Cerema	TDC_Pleiades_2013_MobiTC	1
1	111	Tuto	827876.671	6252902.284	-0.573	-0.819	127.071	1942	0	3	50	NUM	Cerema	TDC_1942_INGITC_MobiTC	1
1	111	Tuto	827876.671	6252902.284	-0.573	-0.819	-101.794	201109	201110	3	10	NUM	Cerema	TDC_2011_INGITC_MobiTC	1
1	111	Tuto	827876.671	6252902.284	-0.573	-0.819	-131.648	2013	0	3	10	NUM	Cerema	TDC_Pleiades_2013_MobiTC	1
1	112	Tuto	827957.229	6252843.116	-0.626	-0.78	124.257	1942	0	3	50	NUM	Cerema	TDC_1942_INGITC_MobiTC	1
1	112	Tuto	827957.229	6252843.116	-0.626	-0.78	-107.516	201109	201110	3	10	NUM	Cerema	TDC_2011_INGITC_MobiTC	1
1	113	Tuto	828034.202	6252779.313	-0.661	-0.75	129.701	1942	0	3	50	NUM	Cerema	TDC_1942_INGITC_MobiTC	1
1	113	Tuto	828034.202	6252779.313	-0.661	-0.75	-131.062	201109	201110	3	10	NUM	Cerema	TDC_2011_INGITC_MobiTC	1
1	114	Tuto	828108.475	6252712.358	-0.662	-0.75	117.642	1942	0	3	50	NUM	Cerema	TDC_1942_INGITC_MobiTC	1
1	115	Tuto	828183.653	6252646.416	-0.659	-0.752	94.553	1942	0	3	50	NUM	Cerema	TDC_1942_INGITC_MobiTC	1
1	116	Tuto	828258.831	6252580.475	-0.659	-0.752	78.888	1942	0	3	50	NUM	Cerema	TDC_1942_INGITC_MobiTC	1
1	117	Tuto	828334.009	6252514.533	-0.66	-0.751	71.712	1942	0	3	50	NUM	Cerema	TDC_1942_INGITC_MobiTC	1
1	118	Tuto	828409.187	6252448.592	-0.661	-0.751	61.896	1942	0	3	50	NUM	Cerema	TDC_1942_INGITC_MobiTC	1
1	119	Tuto	828484.424	6252382.718	-0.656	-0.755	47.374	1942	0	3	50	NUM	Cerema	TDC_1942_INGITC_MobiTC	1
1	120	Tuto	828560.574	6252317.907	-0.645	-0.764	28.597	1942	0	3	50	NUM	Cerema	TDC_1942_INGITC_MobiTC	1
1	121	Tuto	828637.127	6252253.568	-0.61	-0.793	15.885	1942	0	3	50	NUM	Cerema	TDC_1942_INGITC_MobiTC	1
1	122	Tuto	828716.279	6252192.831	-0.52	-0.854	-0.622	1942	0	3	50	NUM	Cerema	TDC_1942_INGITC_MobiTC	1
1	123	Tuto	828803.917	6252144.678	-0.474	-0.88	1.1	1942	0	3	50	NUM	Cerema	TDC_1942_INGITC_MobiTC	1
1	124	Tuto	828892.544	6252098.376	-0.46	-0.888	-0.337	1942	0	3	50	NUM	Cerema	TDC_1942_INGITC_MobiTC	1
1	125	Tuto	828981.695	6252053.111	-0.459	-0.888	-0.64	1942	0	3	50	NUM	Cerema	TDC_1942_INGITC_MobiTC	1
1	126	Tuto	829070.238	6252007.882	-0.447	-0.895	0.456	1942	0	3	50	NUM	Cerema	TDC_1942_INGITC_MobiTC	1
1	127	Tuto	829160.151	6251964.126	-0.434	-0.901	-0.656	1942	0	3	50	NUM	Cerema	TDC_1942_INGITC_MobiTC	1
1	128	Tuto	829250.422	6251921.103	-0.421	-0.907	0.967	1942	0	3	50	NUM	Cerema	TDC_1942_INGITC_MobiTC	1
1	129	Tuto	829341.375	6251879.614	-0.397	-0.918	0.387	1942	0	3	50	NUM	Cerema	TDC_1942_INGITC_MobiTC	1
1	130	Tuto	829433.478	6251840.666	-0.372	-0.928	7.22	1942	0	3	50	NUM	Cerema	TDC_1942_INGITC_MobiTC	1
1	131	Tuto	829527.406	6251806.482	-0.316	-0.949	-2.46	1942	0	3	50	NUM	Cerema	TDC_1942_INGITC_MobiTC	1
1	132	Tuto	829622.102	6251774.507	-0.302	-0.953	-7.01	1942	0	3	50	NUM	Cerema	TDC_1942_INGITC_MobiTC	1
1	133	Tuto	829717.509	6251744.56	-0.318	-0.948	-9.005	1942	0	3	50	NUM	Cerema	TDC_1942_INGITC_MobiTC	1
1	134	Tuto	829812.121	6251712.177	-0.322	-0.947	10.36	1942	0	3	50	NUM	Cerema	TDC_1942_INGITC_MobiTC	1
1	135	Tuto	829906.912	6251680.331	-0.313	-0.95	-4.433	1942	0	3	50	NUM	Cerema	TDC_1942_INGITC_MobiTC	1
1	136	Tuto	830001.969	6251649.311	-0.301	-0.954	-6.522	1942	0	3	50	NUM	Cerema	TDC_1942_INGITC_MobiTC	1
1	137	Tuto	830097.417	6251619.484	-0.292	-0.957	5.497	1942	0	3	50	NUM	Cerema	TDC_1942_INGITC_MobiTC	1
1	138	Tuto	830193.326	6251591.227	-0.271	-0.962	11.042	1942	0	3	50	NUM	Cerema	TDC_1942_INGITC_MobiTC	1
1	139	Tuto	830289.806	6251564.928	-0.262	-0.965	-4.334	1942	0	3	50	NUM	Cerema	TDC_1942_INGITC_MobiTC	1
1	140	Tuto	830386.397	6251539.041	-0.25	-0.968	-2.586	1942	0	3	50	NUM	Cerema	TDC_1942_INGITC_MobiTC	1
1	141	Tuto	830483.176	6251513.902	-0.226	-0.974	-3.662	1942	0	3	50	NUM	Cerema	TDC_1942_INGITC_MobiTC	1
1	142	Tuto	830580.764	6251492.073	-0.203	-0.979	6.571	1942	0	3	50	NUM	Cerema	TDC_1942_INGITC_MobiTC	1
1	143	Tuto	830678.667	6251471.726	-0.155	-0.988	7.314	1942	0	3	50	NUM	Cerema	TDC_1942_INGITC_MobiTC	1
1	144	Tuto	830777.774	6251458.415	-0.132	-0.991	-0.095	1942	0	3	50	NUM	Cerema	TDC_1942_INGITC_MobiTC	1
