NAxe	NTrace	Xsque	Ysque	U	V	Angle	NDate	Duree	Amplitude	DateTDCvieux	DateTDCrecent	Marqueur	EPR	AOR	OLS	WLS	RLS	RWLS	JK	K	MDL	DateK	Product	DateProd
1	1	827519.874	6261215.288	-0.559	-0.829	1.358	1	0	0	1942-07-01	1942-07-01	3	NA	NA	NA	NA	NA	NA	NA	NA	NA	NA	Cerema	2020-06-23
1	2	827602.011	6261158.289	-0.59	-0.808	1.275	1	0	0	1942-07-01	1942-07-01	3	NA	NA	NA	NA	NA	NA	NA	NA	NA	NA	Cerema	2020-06-23
1	3	827682.799	6261099.356	-0.592	-0.806	1.269	1	0	0	1942-07-01	1942-07-01	3	NA	NA	NA	NA	NA	NA	NA	NA	NA	NA	Cerema	2020-06-23
1	4	827761.731	6261038.56	-0.608	-0.794	1.228	1	0	0	1942-07-01	1942-07-01	3	NA	NA	NA	NA	NA	NA	NA	NA	NA	NA	Cerema	2020-06-23
1	5	827823.912	6260960.284	-0.79	-0.613	0.822	1	0	0	1942-07-01	1942-07-01	3	NA	NA	NA	NA	NA	NA	NA	NA	NA	NA	Cerema	2020-06-23
1	6	827884.822	6260880.978	-0.798	-0.603	0.806	1	0	0	1942-07-01	1942-07-01	3	NA	NA	NA	NA	NA	NA	NA	NA	NA	NA	Cerema	2020-06-23
1	7	827944.634	6260800.839	-0.805	-0.593	0.79	1	0	0	1942-07-01	1942-07-01	3	NA	NA	NA	NA	NA	NA	NA	NA	NA	NA	Cerema	2020-06-23
1	8	828003.911	6260720.302	-0.813	-0.582	0.772	1	0	0	1942-07-01	1942-07-01	3	NA	NA	NA	NA	NA	NA	NA	NA	NA	NA	Cerema	2020-06-23
1	9	828062.081	6260638.961	-0.813	-0.582	0.772	1	0	0	1942-07-01	1942-07-01	3	NA	NA	NA	NA	NA	NA	NA	NA	NA	NA	Cerema	2020-06-23
1	10	828118.775	6260556.587	-0.823	-0.569	0.751	1	0	0	1942-07-01	1942-07-01	3	NA	NA	NA	NA	NA	NA	NA	NA	NA	NA	Cerema	2020-06-23
1	11	828175.412	6260474.171	-0.824	-0.566	0.747	1	0	0	1942-07-01	1942-07-01	3	NA	NA	NA	NA	NA	NA	NA	NA	NA	NA	Cerema	2020-06-23
1	12	828230.644	6260390.819	-0.839	-0.544	0.714	1	0	0	1942-07-01	1942-07-01	3	NA	NA	NA	NA	NA	NA	NA	NA	NA	NA	Cerema	2020-06-23
1	13	828286.269	6260307.783	-0.806	-0.592	0.788	2	69.248	286.44	1942-07-01	2011-09-30	3	4.14	4.14	4.14	4.14	4.14	4.14	NA	2	4.14	NA	Cerema	2020-06-23
1	14	828343.817	6260226.003	-0.818	-0.575	0.761	2	69.248	290.3	1942-07-01	2011-09-30	3	4.19	4.19	4.19	4.19	4.19	4.19	NA	2	4.19	NA	Cerema	2020-06-23
1	15	828396.828	6260141.229	-0.852	-0.524	0.684	2	69.248	289.756	1942-07-01	2011-09-30	3	4.18	4.18	4.18	4.18	4.18	4.18	NA	2	4.18	NA	Cerema	2020-06-23
1	16	828448.593	6260055.67	-0.856	-0.517	0.674	2	69.248	285.764	1942-07-01	2011-09-30	3	4.13	4.13	4.13	4.13	4.13	4.13	NA	2	4.13	NA	Cerema	2020-06-23
1	17	828498.351	6259968.984	-0.894	-0.448	0.577	2	69.248	285.516	1942-07-01	2011-09-30	3	4.12	4.12	4.12	4.12	4.12	4.12	NA	2	4.12	NA	Cerema	2020-06-23
1	18	828543.138	6259879.574	-0.894	-0.448	0.577	2	69.248	271.817	1942-07-01	2011-09-30	3	3.93	3.93	3.93	3.93	3.93	3.93	NA	2	3.93	NA	Cerema	2020-06-23
1	19	828586.485	6259789.483	-0.914	-0.405	0.52	2	69.248	267.97	1942-07-01	2011-09-30	3	3.87	3.87	3.87	3.87	3.87	3.87	NA	2	3.87	NA	Cerema	2020-06-23
1	20	828627.007	6259698.061	-0.914	-0.405	0.52	2	69.248	255.816	1942-07-01	2011-09-30	3	3.69	3.69	3.69	3.69	3.69	3.69	NA	2	3.69	NA	Cerema	2020-06-23
1	21	828666.04	6259605.997	-0.922	-0.386	0.495	2	69.248	251.823	1942-07-01	2011-09-30	3	3.64	3.64	3.64	3.64	3.64	3.64	NA	2	3.64	NA	Cerema	2020-06-23
1	22	828704.022	6259513.5	-0.934	-0.356	0.455	2	69.248	252.204	1942-07-01	2011-09-30	3	3.64	3.64	3.64	3.64	3.64	3.64	NA	2	3.64	NA	Cerema	2020-06-23
1	23	828739.667	6259420.069	-0.934	-0.358	0.458	2	69.248	250.52	1942-07-01	2011-09-30	3	3.62	3.62	3.62	3.62	3.62	3.62	NA	2	3.62	NA	Cerema	2020-06-23
1	24	828774.789	6259326.439	-0.937	-0.35	0.447	2	69.248	249.875	1942-07-01	2011-09-30	3	3.61	3.61	3.61	3.61	3.61	3.61	NA	2	3.61	NA	Cerema	2020-06-23
1	25	828810.804	6259233.154	-0.93	-0.369	0.472	2	69.248	246.462	1942-07-01	2011-09-30	3	3.56	3.56	3.56	3.56	3.56	3.56	NA	2	3.56	NA	Cerema	2020-06-23
1	26	828846.451	6259139.728	-0.937	-0.35	0.447	2	69.248	243.778	1942-07-01	2011-09-30	3	3.52	3.52	3.52	3.52	3.52	3.52	NA	2	3.52	NA	Cerema	2020-06-23
1	27	828881.366	6259046.022	-0.94	-0.342	0.437	2	69.248	248.699	1942-07-01	2011-09-30	3	3.59	3.59	3.59	3.59	3.59	3.59	NA	2	3.59	NA	Cerema	2020-06-23
1	28	828914.419	6258951.657	-0.952	-0.306	0.39	2	69.248	248.388	1942-07-01	2011-09-30	3	3.59	3.59	3.59	3.59	3.59	3.59	NA	2	3.59	NA	Cerema	2020-06-23
1	29	828945.026	6258856.457	-0.952	-0.306	0.39	2	69.248	256.16	1942-07-01	2011-09-30	3	3.7	3.7	3.7	3.7	3.7	3.7	NA	2	3.7	NA	Cerema	2020-06-23
1	30	828974.409	6258760.883	-0.97	-0.241	0.307	2	69.248	268.074	1942-07-01	2011-09-30	3	3.87	3.87	3.87	3.87	3.87	3.87	NA	2	3.87	NA	Cerema	2020-06-23
1	31	828998.435	6258663.812	-0.971	-0.24	0.306	2	69.248	271.71	1942-07-01	2011-09-30	3	3.92	3.92	3.92	3.92	3.92	3.92	NA	2	3.92	NA	Cerema	2020-06-23
1	32	829022.113	6258566.659	-0.976	-0.219	0.279	2	69.248	276.576	1942-07-01	2011-09-30	3	3.99	3.99	3.99	3.99	3.99	3.99	NA	2	3.99	NA	Cerema	2020-06-23
1	33	829044.047	6258469.094	-0.976	-0.219	0.279	2	69.248	278.364	1942-07-01	2011-09-30	3	4.02	4.02	4.02	4.02	4.02	4.02	NA	2	4.02	NA	Cerema	2020-06-23
1	34	829066.196	6258371.58	-0.969	-0.246	0.313	4	74.006	331.347	1942-07-01	2016-07-02	3	4.48	6.14	4.33	4.48	4.26	4.48	5.46	3	8.9	1945	Cerema	2020-06-23
1	35	829087.668	6258273.914	-0.977	-0.213	0.271	4	74.006	343.371	1942-07-01	2016-07-02	3	4.64	56092.4	4.53	4.68	4.46	4.68	5.62	3	4.53	1942	Cerema	2020-06-23
1	36	829108.963	6258176.208	-0.977	-0.213	0.271	4	74.006	363.069	1942-07-01	2016-07-02	3	4.91	38385.95	4.79	4.97	4.71	4.97	6.07	3	9.95	1946	Cerema	2020-06-23
1	37	829130.258	6258078.502	-0.977	-0.213	0.271	3	74.006	386.123	1942-07-01	2016-07-02	3	5.22	7.07	5.04	5.16	4.93	5.16	7.07	3	11.18	1949	Cerema	2020-06-23
1	38	829143.234	6257979.465	-0.996	-0.085	0.108	4	74.006	423.506	1942-07-01	2016-07-02	3	5.72	36937.7	5.54	5.81	5.42	5.81	7.53	3	13.55	1954	Cerema	2020-06-23
1	39	829151.728	6257879.826	-0.996	-0.085	0.108	4	74.006	451.584	1942-07-01	2016-07-02	3	6.09	-3549.74	5.95	6.24	5.81	6.24	8.03	3	14.29	1953	Cerema	2020-06-23
1	40	829159.009	6257780.1	-0.998	-0.059	0.075	4	74.006	495.276	1942-07-01	2016-07-02	3	6.69	21891.85	6.49	6.82	6.35	6.82	8.86	3	16	1954	Cerema	2020-06-23
1	41	829164.525	6257680.252	-0.998	-0.055	0.07	4	74.006	536.555	1942-07-01	2016-07-02	3	7.24	-3276.36	7.02	7.46	6.81	7.46	10.2	3	19.81	1959	Cerema	2020-06-23
1	42	829163.416	6257580.282	-1	0.024	-0.031	3	74.006	563.641	1942-07-01	2016-07-02	3	7.62	11.67	7.23	7.48	6.99	7.48	11.68	3	20.69	1959	Cerema	2020-06-23
1	43	829158.243	6257480.489	-0.988	0.154	-0.196	4	74.006	593.014	1942-07-01	2016-07-02	3	8.01	3674.07	7.71	8.28	7.45	8.28	11.84	3	24.28	1962	Cerema	2020-06-23
1	44	829134.11	6257383.568	-0.953	0.304	-0.388	4	74.006	602.68	1942-07-01	2016-07-02	3	8.11	-8792.18	7.8	8.43	7.51	8.43	12.31	3	25.93	1963	Cerema	2020-06-23
1	45	829103.664	6257288.316	-0.953	0.305	-0.389	4	74.006	668.584	1942-07-01	2016-07-02	3	8.98	-12717.08	8.77	9.23	8.54	9.23	12.14	3	22.36	1956	Cerema	2020-06-23
1	46	829070.547	6257194.036	-0.925	0.379	-0.485	3	74.006	666.071	1942-07-01	2016-07-02	3	9	12.7	8.64	8.88	8.43	8.88	12.7	3	20.93	1953	Cerema	2020-06-23
1	47	829032.652	6257101.494	-0.925	0.379	-0.485	3	74.006	714.872	1942-07-01	2016-07-02	3	9.66	12.16	9.42	9.84	9.27	9.84	12.16	3	9.42	1937	Cerema	2020-06-23
1	48	828994.756	6257008.953	-0.925	0.379	-0.485	3	74.006	734.458	1942-07-01	2016-07-02	3	9.92	10.09	9.91	9.92	9.9	9.92	10.09	2	9.91	NA	Cerema	2020-06-23
1	49	828956.861	6256916.411	-0.925	0.379	-0.485	3	74.006	794.554	1942-07-01	2016-07-02	3	10.74	8.47	10.95	10.81	11.09	10.81	8.48	2	10.95	2030	Cerema	2020-06-23
1	50	828915.044	6256825.725	-0.88	0.475	-0.614	3	74.006	500.02	1942-07-01	2016-07-02	3	6.76	6.85	6.75	6.75	6.74	6.75	6.85	2	6.75	NA	Cerema	2020-06-23
1	51	828847.054	6256756.89	-0.532	0.846	-1.436	3	74.006	466.548	1942-07-01	2016-07-02	3	6.3	5.52	6.38	6.33	6.42	6.33	5.52	2	6.38	2066	Cerema	2020-06-23
1	52	828762.408	6256703.645	-0.532	0.846	-1.436	3	74.006	447.765	1942-07-01	2016-07-02	3	6.05	6.73	5.99	6.03	5.95	6.03	6.73	3	5.99	1883	Cerema	2020-06-23
1	53	828675.076	6256655.056	-0.439	0.899	-1.77	2	69.248	407.315	1942-07-01	2011-09-30	3	5.88	5.88	5.88	5.88	5.88	5.88	NA	2	5.88	NA	Cerema	2020-06-23
1	54	828585.248	6256611.115	-0.439	0.898	-1.769	2	69.248	358.415	1942-07-01	2011-09-30	3	5.18	5.18	5.18	5.18	5.18	5.18	NA	2	5.18	NA	Cerema	2020-06-23
1	55	828495.419	6256567.175	-0.44	0.898	-1.765	2	69.248	357.551	1942-07-01	2011-09-30	3	5.16	5.16	5.16	5.16	5.16	5.16	NA	2	5.16	NA	Cerema	2020-06-23
1	56	828405.59	6256523.234	-0.44	0.898	-1.765	2	69.248	355.996	1942-07-01	2011-09-30	3	5.14	5.14	5.14	5.14	5.14	5.14	NA	2	5.14	NA	Cerema	2020-06-23
1	57	828315.633	6256479.564	-0.407	0.913	-1.914	2	69.248	362.888	1942-07-01	2011-09-30	3	5.24	5.24	5.24	5.24	5.24	5.24	NA	2	5.24	NA	Cerema	2020-06-23
1	58	828222.881	6256442.219	-0.344	0.939	-2.276	4	74.006	435.464	1942-07-01	2016-07-02	3	5.72	1.71	5.99	5.56	6.08	5.56	3.9	3	-2.42	2003	Cerema	2020-06-23
1	59	828129.031	6256407.691	-0.347	0.938	-2.256	4	74.006	383.399	1942-07-01	2016-07-02	3	5.07	1.67	5.28	5.11	5.35	5.11	3.55	3	-1.66	2005	Cerema	2020-06-23
1	60	828035.2	6256373.112	-0.346	0.938	-2.262	3	71.001	340.912	1942-07-01	2013-07-01	3	4.8	3.21	4.86	4.82	4.84	4.82	3.21	3	NA	2011	Cerema	2020-06-23
1	61	827941.387	6256338.484	-0.36	0.933	-2.173	3	71.001	344.037	1942-07-01	2013-07-01	3	4.77	2.16	4.86	4.8	4.84	4.8	2.16	3	-3.26	1998	Cerema	2020-06-23
1	62	827850.26	6256297.387	-0.431	0.903	-1.805	3	71.001	317.221	1942-07-01	2013-07-01	3	4.36	1.48	4.46	4.4	4.44	4.4	1.48	3	-4.49	1995	Cerema	2020-06-23
1	63	827760.003	6256254.333	-0.431	0.902	-1.803	3	71.001	328.215	1942-07-01	2013-07-01	3	4.48	1.17	4.6	4.53	4.57	4.53	1.17	3	-5.7	1993	Cerema	2020-06-23
1	64	827669.746	6256211.279	-0.43	0.903	-1.809	3	71.001	339.277	1942-07-01	2013-07-01	3	4.62	1.09	4.75	4.67	4.72	4.67	1.09	3	-6.25	1992	Cerema	2020-06-23
1	65	827579.489	6256168.225	-0.431	0.903	-1.805	3	71.001	577.785	1942-07-01	2013-07-01	3	5.12	-36.34	6.65	5.69	6.27	5.69	-36.34	3	-122.47	1979	Cerema	2020-06-23
1	66	827488.196	6256127.522	-0.355	0.935	-2.204	3	71.001	650.001	1942-07-01	2013-07-01	3	5.85	-39.61	7.53	6.48	7.11	6.48	-39.61	3	-134.07	1979	Cerema	2020-06-23
1	67	827394.508	6256092.565	-0.378	0.926	-2.067	3	71.001	697.021	1942-07-01	2013-07-01	3	8.97	-5.06	9.49	9.17	9.36	9.17	-5.06	3	-34.21	1985	Cerema	2020-06-23
1	68	827303.901	6256050.31	-0.431	0.902	-1.803	3	71.001	749.474	1942-07-01	2013-07-01	3	10.56	13.95	10.43	10.51	10.46	10.51	13.95	3	21	1943	Cerema	2020-06-23
1	69	827213.862	6256006.804	-0.442	0.897	-1.757	3	71.001	797.754	1942-07-01	2013-07-01	3	11.24	18.4	10.97	11.14	11.04	11.14	18.4	3	33.27	1960	Cerema	2020-06-23
1	70	827121.537	6255968.705	-0.337	0.941	-2.323	3	71.001	737.189	1942-07-01	2013-07-01	3	10.38	18.51	10.08	10.27	10.16	10.27	18.51	3	35.41	1963	Cerema	2020-06-23
1	71	827029.521	6255929.677	-0.43	0.903	-1.809	3	71.001	810.649	1942-07-01	2013-07-01	3	11.42	34.18	10.58	11.1	10.78	11.1	34.18	3	81.49	1972	Cerema	2020-06-23
1	72	826939.859	6255885.555	-0.539	0.842	-1.416	3	71.001	836.242	1942-07-01	2013-07-01	3	11.78	26.8	11.22	11.57	11.36	11.57	26.8	3	58.02	1969	Cerema	2020-06-23
1	73	826859.131	6255826.6	-0.62	0.785	-1.199	3	71.001	856.924	1942-07-01	2013-07-01	3	12.07	22.36	11.69	11.93	11.78	11.93	22.36	3	43.75	1964	Cerema	2020-06-23
1	74	826781.902	6255763.076	-0.636	0.771	-1.159	3	71.001	860.341	1942-07-01	2013-07-01	3	12.12	14.67	12.02	12.08	12.05	12.08	14.67	3	12.02	1924	Cerema	2020-06-23
1	75	826704.764	6255699.438	-0.636	0.771	-1.159	3	71.001	858.568	1942-07-01	2013-07-01	3	12.09	12.04	12.09	12.09	12.09	12.09	12.04	2	12.09	NA	Cerema	2020-06-23
1	76	826627.922	6255635.473	-0.708	0.706	-0.998	3	71.001	923.233	1942-07-01	2013-07-01	3	12.08	-3.97	12.68	12.3	12.53	12.3	-3.97	3	-37.33	1986	Cerema	2020-06-23
1	77	826557.387	6255564.587	-0.709	0.706	-0.997	3	71.001	925.995	1942-07-01	2013-07-01	3	12.27	-1.83	12.8	12.47	12.67	12.47	-1.83	3	-31.12	1987	Cerema	2020-06-23
1	78	826486.853	6255493.701	-0.709	0.705	-0.996	3	71.001	945.657	1942-07-01	2013-07-01	3	12.89	3.05	13.25	13.03	13.16	13.03	3.05	3	-17.39	1992	Cerema	2020-06-23
1	79	826418.731	6255420.541	-0.764	0.645	-0.878	3	71.001	944.372	1942-07-01	2013-07-01	3	13.3	11.12	13.38	13.33	13.36	13.33	11.12	2	13.38	2046	Cerema	2020-06-23
1	80	826358.104	6255341.063	-0.817	0.576	-0.763	3	71.001	972.781	1942-07-01	2013-07-01	3	13.7	12.16	13.76	13.72	13.74	13.72	12.16	2	13.76	2077	Cerema	2020-06-23
1	81	826319.235	6255250.796	-0.977	0.212	-0.27	3	71.001	1019.951	1942-07-01	2013-07-01	3	14.37	13.77	14.39	14.37	14.38	14.37	13.77	2	14.39	NA	Cerema	2020-06-23
1	82	826300.048	6255152.742	-0.995	0.099	-0.126	3	71.001	976.362	1942-07-01	2013-07-01	3	13.75	10.52	13.87	13.8	13.84	13.8	10.52	2	13.87	2025	Cerema	2020-06-23
1	83	826292.84	6255053.045	-1	0.016	-0.02	3	71.001	919.029	1942-07-01	2013-07-01	3	12.94	10.92	13.02	12.97	13	12.97	10.92	2	13.02	2049	Cerema	2020-06-23
1	84	826294.054	6254953.091	-0.998	-0.056	0.071	3	71.001	859.177	1942-07-01	2013-07-01	3	12.1	10.51	12.16	12.12	12.15	12.12	10.51	2	12.16	2063	Cerema	2020-06-23
1	85	826303.042	6254853.505	-0.995	-0.095	0.121	3	71.001	789.141	1942-07-01	2013-07-01	3	11.11	12.71	11.06	11.09	11.07	11.09	12.71	3	11.06	1899	Cerema	2020-06-23
1	86	826314.382	6254754.157	-0.993	-0.122	0.155	3	71.001	700.105	1942-07-01	2013-07-01	3	9.86	11.17	9.81	9.84	9.82	9.84	11.17	3	9.81	1893	Cerema	2020-06-23
1	87	826326.943	6254654.953	-0.989	-0.149	0.19	3	71.001	618.64	1942-07-01	2013-07-01	3	8.71	8.69	8.71	8.71	8.71	8.71	8.69	2	8.71	NA	Cerema	2020-06-23
1	88	826349.935	6254557.753	-0.95	-0.313	0.399	3	71.001	555.648	1942-07-01	2013-07-01	3	7.83	8.57	7.8	7.82	7.81	7.82	8.58	2	7.8	NA	Cerema	2020-06-23
1	89	826390.411	6254466.453	-0.896	-0.443	0.571	3	71.001	500.869	1942-07-01	2013-07-01	3	7.05	7.44	7.04	7.05	7.04	7.05	7.43	2	7.04	NA	Cerema	2020-06-23
1	90	826435.583	6254377.252	-0.879	-0.477	0.617	3	71.001	399.031	1942-07-01	2013-07-01	3	5.62	5.79	5.61	5.62	5.62	5.62	5.8	2	5.61	NA	Cerema	2020-06-23
1	91	826483.377	6254289.413	-0.877	-0.48	0.622	3	71.001	333.898	1942-07-01	2013-07-01	3	4.7	5.14	4.69	4.7	4.69	4.7	5.14	2	4.69	NA	Cerema	2020-06-23
1	92	826531.378	6254201.687	-0.877	-0.48	0.622	3	71.001	285.552	1942-07-01	2013-07-01	3	4.02	3.7	4.03	4.03	4.03	4.03	3.7	2	4.03	NA	Cerema	2020-06-23
1	93	826579.38	6254113.961	-0.877	-0.48	0.622	3	71.001	247.235	1942-07-01	2013-07-01	3	3.48	2.55	3.52	3.5	3.51	3.5	2.55	2	3.52	2019	Cerema	2020-06-23
1	94	826628.324	6254026.764	-0.854	-0.521	0.68	3	71.001	205.897	1942-07-01	2013-07-01	3	2.83	0.93	2.9	2.85	2.88	2.85	0.93	3	-3	1994	Cerema	2020-06-23
1	95	826680.437	6253941.416	-0.853	-0.521	0.68	3	71.001	170.609	1942-07-01	2013-07-01	3	2.24	-0.58	2.35	2.28	2.32	2.28	-0.59	3	-6.46	1986	Cerema	2020-06-23
1	96	826734.133	6253857.058	-0.847	-0.532	0.696	3	71.001	135.509	1942-07-01	2013-07-01	3	1.75	-0.91	1.85	1.79	1.82	1.79	-0.91	3	-6.45	1985	Cerema	2020-06-23
1	97	826787.168	6253772.282	-0.85	-0.527	0.688	3	71.001	109.74	1942-07-01	2013-07-01	3	1.27	-2.78	1.42	1.33	1.38	1.33	-2.78	3	-11.19	1981	Cerema	2020-06-23
1	98	826848.727	6253694.229	-0.698	-0.717	1.021	3	71.001	76.306	1942-07-01	2013-07-01	3	0.68	-4.69	0.88	0.76	0.83	0.76	-4.69	3	-15.85	1979	Cerema	2020-06-23
1	99	826920.38	6253624.474	-0.697	-0.717	1.022	3	71.001	42.637	1942-07-01	2013-07-01	3	-0.03	-7.93	0.26	0.08	0.19	0.08	-7.93	3	-24.33	1977	Cerema	2020-06-23
1	100	826992.033	6253554.718	-0.698	-0.717	1.021	3	71.001	51.275	1942-07-01	2013-07-01	3	-0.35	-9.74	0	-0.22	-0.35	-0.35	-9.74	3	-29.26	1977	Cerema	2020-06-23
1	101	827066.171	6253487.81	-0.611	-0.791	1.22	3	71.001	45.642	1942-07-01	2013-07-01	3	-0.64	-7.03	-0.41	-0.55	-0.46	-0.55	-7.03	3	-20.29	1976	Cerema	2020-06-23
1	102	827145.276	6253426.635	-0.612	-0.791	1.219	3	71.001	78.217	1942-07-01	2013-07-01	3	-1.1	-6.88	-0.89	-1.02	-0.94	-1.02	-6.88	3	-18.89	1975	Cerema	2020-06-23
1	103	827224.381	6253365.46	-0.612	-0.791	1.219	3	71.001	103.17	1942-07-01	2013-07-01	3	-1.45	-9.12	-1.17	-1.35	-1.24	-1.35	-9.12	3	-25.06	1975	Cerema	2020-06-23
1	104	827304.717	6253305.967	-0.643	-0.766	1.144	3	71.001	130.728	1942-07-01	2013-07-01	3	-1.84	-10.56	-1.52	-1.72	-1.6	-1.72	-10.56	3	-28.67	1975	Cerema	2020-06-23
1	105	827382.533	6253243.165	-0.616	-0.788	1.209	3	71.001	147.537	1942-07-01	2013-07-01	3	-2.08	-9.21	-1.81	-1.98	-1.88	-1.98	-9.21	3	-24.04	1974	Cerema	2020-06-23
1	106	827462.694	6253183.404	-0.583	-0.812	1.292	3	71.001	164.608	1942-07-01	2013-07-01	3	-2.32	-7.16	-2.14	-2.25	-2.18	-2.25	-7.16	3	-17.22	1972	Cerema	2020-06-23
1	107	827544.199	6253125.47	-0.571	-0.821	1.325	3	71.001	187.932	1942-07-01	2013-07-01	3	-2.65	-7.39	-2.47	-2.58	-2.51	-2.58	-7.39	3	-17.23	1971	Cerema	2020-06-23
1	108	827626.858	6253069.195	-0.557	-0.83	1.363	3	71.001	203.2	1942-07-01	2013-07-01	3	-2.86	-7.75	-2.68	-2.79	-2.73	-2.79	-7.75	3	-17.92	1971	Cerema	2020-06-23
1	109	827709.879	6253013.45	-0.557	-0.83	1.363	3	71.001	224.023	1942-07-01	2013-07-01	3	-3.16	-7.95	-2.98	-3.09	-3.02	-3.09	-7.95	3	-17.9	1970	Cerema	2020-06-23
1	110	827793.108	6252958.018	-0.553	-0.833	1.375	3	71.001	249.496	1942-07-01	2013-07-01	3	-3.51	-8.23	-3.34	-3.45	-3.38	-3.45	-8.23	3	-18.02	1969	Cerema	2020-06-23
1	111	827876.301	6252902.535	-0.561	-0.828	1.353	3	71.001	258.499	1942-07-01	2013-07-01	3	-3.64	-7.98	-3.48	-3.58	-3.52	-3.58	-7.98	3	-17	1968	Cerema	2020-06-23
1	112	827956.882	6252843.399	-0.632	-0.775	1.17	2	69.248	231.698	1942-07-01	2011-09-30	3	-3.35	-3.35	-3.35	-3.35	-3.35	-3.35	NA	2	-3.35	NA	Cerema	2020-06-23
1	113	828033.871	6252779.613	-0.672	-0.741	1.078	2	69.248	260.394	1942-07-01	2011-09-30	3	-3.76	-3.76	-3.76	-3.76	-3.76	-3.76	NA	2	-3.76	NA	Cerema	2020-06-23
1	114	828108.139	6252712.652	-0.659	-0.752	1.107	1	0	0	1942-07-01	1942-07-01	3	NA	NA	NA	NA	NA	NA	NA	NA	NA	NA	Cerema	2020-06-23
1	115	828183.318	6252646.711	-0.659	-0.752	1.107	1	0	0	1942-07-01	1942-07-01	3	NA	NA	NA	NA	NA	NA	NA	NA	NA	NA	Cerema	2020-06-23
1	116	828258.495	6252580.77	-0.659	-0.752	1.107	1	0	0	1942-07-01	1942-07-01	3	NA	NA	NA	NA	NA	NA	NA	NA	NA	NA	Cerema	2020-06-23
1	117	828333.674	6252514.829	-0.659	-0.752	1.107	1	0	0	1942-07-01	1942-07-01	3	NA	NA	NA	NA	NA	NA	NA	NA	NA	NA	Cerema	2020-06-23
1	118	828408.852	6252448.888	-0.662	-0.75	1.1	1	0	0	1942-07-01	1942-07-01	3	NA	NA	NA	NA	NA	NA	NA	NA	NA	NA	Cerema	2020-06-23
1	119	828484.087	6252383.012	-0.658	-0.753	1.109	1	0	0	1942-07-01	1942-07-01	3	NA	NA	NA	NA	NA	NA	NA	NA	NA	NA	Cerema	2020-06-23
1	120	828560.233	6252318.195	-0.645	-0.764	1.139	1	0	0	1942-07-01	1942-07-01	3	NA	NA	NA	NA	NA	NA	NA	NA	NA	NA	Cerema	2020-06-23
1	121	828636.782	6252253.852	-0.634	-0.773	1.165	1	0	0	1942-07-01	1942-07-01	3	NA	NA	NA	NA	NA	NA	NA	NA	NA	NA	Cerema	2020-06-23
1	122	828715.894	6252193.05	-0.493	-0.87	1.563	1	0	0	1942-07-01	1942-07-01	3	NA	NA	NA	NA	NA	NA	NA	NA	NA	NA	Cerema	2020-06-23
1	123	828803.52	6252144.877	-0.473	-0.881	1.635	1	0	0	1942-07-01	1942-07-01	3	NA	NA	NA	NA	NA	NA	NA	NA	NA	NA	Cerema	2020-06-23
1	124	828892.148	6252098.578	-0.454	-0.891	1.708	1	0	0	1942-07-01	1942-07-01	3	NA	NA	NA	NA	NA	NA	NA	NA	NA	NA	Cerema	2020-06-23
1	125	828981.297	6252053.319	-0.464	-0.886	1.669	1	0	0	1942-07-01	1942-07-01	3	NA	NA	NA	NA	NA	NA	NA	NA	NA	NA	Cerema	2020-06-23
1	126	829069.837	6252008.082	-0.446	-0.895	1.74	1	0	0	1942-07-01	1942-07-01	3	NA	NA	NA	NA	NA	NA	NA	NA	NA	NA	Cerema	2020-06-23
1	127	829159.746	6251964.319	-0.432	-0.902	1.8	1	0	0	1942-07-01	1942-07-01	3	NA	NA	NA	NA	NA	NA	NA	NA	NA	NA	Cerema	2020-06-23
1	128	829250.017	6251921.294	-0.429	-0.903	1.812	1	0	0	1942-07-01	1942-07-01	3	NA	NA	NA	NA	NA	NA	NA	NA	NA	NA	Cerema	2020-06-23
1	129	829340.97	6251879.785	-0.39	-0.921	2.002	1	0	0	1942-07-01	1942-07-01	3	NA	NA	NA	NA	NA	NA	NA	NA	NA	NA	Cerema	2020-06-23
1	130	829433.072	6251840.834	-0.39	-0.921	2.002	1	0	0	1942-07-01	1942-07-01	3	NA	NA	NA	NA	NA	NA	NA	NA	NA	NA	Cerema	2020-06-23
1	131	829526.992	6251806.632	-0.368	-0.93	2.125	1	0	0	1942-07-01	1942-07-01	3	NA	NA	NA	NA	NA	NA	NA	NA	NA	NA	Cerema	2020-06-23
1	132	829621.681	6251774.639	-0.297	-0.955	2.641	1	0	0	1942-07-01	1942-07-01	3	NA	NA	NA	NA	NA	NA	NA	NA	NA	NA	Cerema	2020-06-23
1	133	829717.092	6251744.702	-0.331	-0.944	2.367	1	0	0	1942-07-01	1942-07-01	3	NA	NA	NA	NA	NA	NA	NA	NA	NA	NA	Cerema	2020-06-23
1	134	829811.704	6251712.321	-0.322	-0.947	2.434	1	0	0	1942-07-01	1942-07-01	3	NA	NA	NA	NA	NA	NA	NA	NA	NA	NA	Cerema	2020-06-23
1	135	829906.494	6251680.468	-0.312	-0.95	2.512	1	0	0	1942-07-01	1942-07-01	3	NA	NA	NA	NA	NA	NA	NA	NA	NA	NA	Cerema	2020-06-23
1	136	830001.549	6251649.444	-0.298	-0.954	2.631	1	0	0	1942-07-01	1942-07-01	3	NA	NA	NA	NA	NA	NA	NA	NA	NA	NA	Cerema	2020-06-23
1	137	830096.997	6251619.614	-0.298	-0.954	2.631	1	0	0	1942-07-01	1942-07-01	3	NA	NA	NA	NA	NA	NA	NA	NA	NA	NA	Cerema	2020-06-23
1	138	830192.902	6251591.343	-0.265	-0.964	2.961	1	0	0	1942-07-01	1942-07-01	3	NA	NA	NA	NA	NA	NA	NA	NA	NA	NA	Cerema	2020-06-23
1	139	830289.382	6251565.046	-0.262	-0.965	2.996	1	0	0	1942-07-01	1942-07-01	3	NA	NA	NA	NA	NA	NA	NA	NA	NA	NA	Cerema	2020-06-23
1	140	830385.972	6251539.157	-0.256	-0.967	3.067	1	0	0	1942-07-01	1942-07-01	3	NA	NA	NA	NA	NA	NA	NA	NA	NA	NA	Cerema	2020-06-23
1	141	830482.744	6251513.99	-0.22	-0.975	3.568	1	0	0	1942-07-01	1942-07-01	3	NA	NA	NA	NA	NA	NA	NA	NA	NA	NA	Cerema	2020-06-23
1	142	830580.333	6251492.167	-0.219	-0.976	3.587	1	0	0	1942-07-01	1942-07-01	3	NA	NA	NA	NA	NA	NA	NA	NA	NA	NA	Cerema	2020-06-23
1	143	830678.23	6251471.789	-0.143	-0.99	5.494	1	0	0	1942-07-01	1942-07-01	3	NA	NA	NA	NA	NA	NA	NA	NA	NA	NA	Cerema	2020-06-23
1	144	830777.337	6251458.469	-0.128	-0.992	6.138	1	0	0	1942-07-01	1942-07-01	3	NA	NA	NA	NA	NA	NA	NA	NA	NA	NA	Cerema	2020-06-23
