NAxe	NTrace	Loc	Xsque	Ysque	U	V	Angle	NDate	Duree	Amplitude	DateTDCvieux	DateTDCrecent	Marqueur	EPR	AOR	OLS	WLS	RLS	RWLS	JK	K	MDL	DateK	Product	DateProd
1	1	Tuto	827519.874	6261215.289	-0.567	-0.824	1.336	1	0	0	1942-07-01	1942-07-01	3	NA	NA	NA	NA	NA	NA	NA	NA	NA	NA	Cerema	2020-12-18
1	2	Tuto	827602.023	6261158.281	-0.584	-0.812	1.29	1	0	0	1942-07-01	1942-07-01	3	NA	NA	NA	NA	NA	NA	NA	NA	NA	NA	Cerema	2020-12-18
1	3	Tuto	827682.812	6261099.349	-0.603	-0.798	1.241	1	0	0	1942-07-01	1942-07-01	3	NA	NA	NA	NA	NA	NA	NA	NA	NA	NA	Cerema	2020-12-18
1	4	Tuto	827761.968	6261038.246	-0.669	-0.744	1.085	1	0	0	1942-07-01	1942-07-01	3	NA	NA	NA	NA	NA	NA	NA	NA	NA	NA	Cerema	2020-12-18
1	5	Tuto	827824.154	6260959.976	-0.765	-0.644	0.876	1	0	0	1942-07-01	1942-07-01	3	NA	NA	NA	NA	NA	NA	NA	NA	NA	NA	Cerema	2020-12-18
1	6	Tuto	827885.058	6260880.664	-0.795	-0.606	0.811	1	0	0	1942-07-01	1942-07-01	3	NA	NA	NA	NA	NA	NA	NA	NA	NA	NA	Cerema	2020-12-18
1	7	Tuto	827944.867	6260800.523	-0.805	-0.594	0.791	1	0	0	1942-07-01	1942-07-01	3	NA	NA	NA	NA	NA	NA	NA	NA	NA	NA	Cerema	2020-12-18
1	8	Tuto	828004.139	6260719.983	-0.812	-0.584	0.775	1	0	0	1942-07-01	1942-07-01	3	NA	NA	NA	NA	NA	NA	NA	NA	NA	NA	Cerema	2020-12-18
1	9	Tuto	828062.309	6260638.643	-0.817	-0.577	0.764	1	0	0	1942-07-01	1942-07-01	3	NA	NA	NA	NA	NA	NA	NA	NA	NA	NA	Cerema	2020-12-18
1	10	Tuto	828118.998	6260556.264	-0.823	-0.568	0.75	1	0	0	1942-07-01	1942-07-01	3	NA	NA	NA	NA	NA	NA	NA	NA	NA	NA	Cerema	2020-12-18
1	11	Tuto	828175.634	6260473.848	-0.827	-0.562	0.741	1	0	0	1942-07-01	1942-07-01	3	NA	NA	NA	NA	NA	NA	NA	NA	NA	NA	Cerema	2020-12-18
1	12	Tuto	828230.858	6260390.49	-0.83	-0.558	0.735	1	0	0	1942-07-01	1942-07-01	3	NA	NA	NA	NA	NA	NA	NA	NA	NA	NA	Cerema	2020-12-18
1	13	Tuto	828286.5	6260307.467	-0.816	-0.577	0.765	2	69.248	286.477	1942-07-01	2011-09-30	3	4.14	4.14	4.14	4.14	4.14	4.14	NA	2	4.14	NA	Cerema	2020-12-18
1	14	Tuto	828344.043	6260225.682	-0.823	-0.568	0.75	2	69.248	290.365	1942-07-01	2011-09-30	3	4.19	4.19	4.19	4.19	4.19	4.19	NA	2	4.19	NA	Cerema	2020-12-18
1	15	Tuto	828397.033	6260140.895	-0.846	-0.533	0.697	2	69.248	289.732	1942-07-01	2011-09-30	3	4.18	4.18	4.18	4.18	4.18	4.18	NA	2	4.18	NA	Cerema	2020-12-18
1	16	Tuto	828448.796	6260055.335	-0.863	-0.505	0.657	2	69.248	285.573	1942-07-01	2011-09-30	3	4.12	4.12	4.12	4.12	4.12	4.12	NA	2	4.12	NA	Cerema	2020-12-18
1	17	Tuto	828498.527	6259968.634	-0.887	-0.462	0.596	2	69.248	285.566	1942-07-01	2011-09-30	3	4.12	4.12	4.12	4.12	4.12	4.12	NA	2	4.12	NA	Cerema	2020-12-18
1	18	Tuto	828543.313	6259879.224	-0.898	-0.44	0.566	2	69.248	271.792	1942-07-01	2011-09-30	3	3.92	3.92	3.92	3.92	3.92	3.92	NA	2	3.92	NA	Cerema	2020-12-18
1	19	Tuto	828586.643	6259789.125	-0.91	-0.414	0.532	2	69.248	267.83	1942-07-01	2011-09-30	3	3.87	3.87	3.87	3.87	3.87	3.87	NA	2	3.87	NA	Cerema	2020-12-18
1	20	Tuto	828627.166	6259697.703	-0.916	-0.401	0.514	2	69.248	255.804	1942-07-01	2011-09-30	3	3.69	3.69	3.69	3.69	3.69	3.69	NA	2	3.69	NA	Cerema	2020-12-18
1	21	Tuto	828666.191	6259605.636	-0.923	-0.384	0.492	2	69.248	251.821	1942-07-01	2011-09-30	3	3.64	3.64	3.64	3.64	3.64	3.64	NA	2	3.64	NA	Cerema	2020-12-18
1	22	Tuto	828704.162	6259513.134	-0.932	-0.363	0.464	2	69.248	252.204	1942-07-01	2011-09-30	3	3.64	3.64	3.64	3.64	3.64	3.64	NA	2	3.64	NA	Cerema	2020-12-18
1	23	Tuto	828739.808	6259419.703	-0.934	-0.357	0.456	2	69.248	250.526	1942-07-01	2011-09-30	3	3.62	3.62	3.62	3.62	3.62	3.62	NA	2	3.62	NA	Cerema	2020-12-18
1	24	Tuto	828774.926	6259326.072	-0.935	-0.355	0.454	2	69.248	249.881	1942-07-01	2011-09-30	3	3.61	3.61	3.61	3.61	3.61	3.61	NA	2	3.61	NA	Cerema	2020-12-18
1	25	Tuto	828810.949	6259232.79	-0.932	-0.361	0.462	2	69.248	246.44	1942-07-01	2011-09-30	3	3.56	3.56	3.56	3.56	3.56	3.56	NA	2	3.56	NA	Cerema	2020-12-18
1	26	Tuto	828846.588	6259139.361	-0.936	-0.352	0.45	2	69.248	243.75	1942-07-01	2011-09-30	3	3.52	3.52	3.52	3.52	3.52	3.52	NA	2	3.52	NA	Cerema	2020-12-18
1	27	Tuto	828881.5	6259045.654	-0.942	-0.336	0.429	2	69.248	248.623	1942-07-01	2011-09-30	3	3.59	3.59	3.59	3.59	3.59	3.59	NA	2	3.59	NA	Cerema	2020-12-18
1	28	Tuto	828914.539	6258951.285	-0.95	-0.313	0.399	2	69.248	248.311	1942-07-01	2011-09-30	3	3.59	3.59	3.59	3.59	3.59	3.59	NA	2	3.59	NA	Cerema	2020-12-18
1	29	Tuto	828945.146	6258856.084	-0.956	-0.293	0.374	2	69.248	256.084	1942-07-01	2011-09-30	3	3.7	3.7	3.7	3.7	3.7	3.7	NA	2	3.7	NA	Cerema	2020-12-18
1	30	Tuto	828974.504	6258760.502	-0.967	-0.253	0.322	2	69.248	267.807	1942-07-01	2011-09-30	3	3.87	3.87	3.87	3.87	3.87	3.87	NA	2	3.87	NA	Cerema	2020-12-18
1	31	Tuto	828998.528	6258663.431	-0.972	-0.236	0.301	2	69.248	271.88	1942-07-01	2011-09-30	3	3.93	3.93	3.93	3.93	3.93	3.93	NA	2	3.93	NA	Cerema	2020-12-18
1	32	Tuto	829022.199	6258566.277	-0.975	-0.223	0.284	2	69.248	276.559	1942-07-01	2011-09-30	3	3.99	3.99	3.99	3.99	3.99	3.99	NA	2	3.99	NA	Cerema	2020-12-18
1	33	Tuto	829044.133	6258468.712	-0.975	-0.224	0.285	2	69.248	278.313	1942-07-01	2011-09-30	3	4.02	4.02	4.02	4.02	4.02	4.02	NA	2	4.02	NA	Cerema	2020-12-18
1	34	Tuto	829066.292	6258371.2	-0.973	-0.232	0.295	4	74.006	331.12	1942-07-01	2016-07-02	3	4.47	6.11	4.33	4.48	4.27	4.48	5.44	3	8.81	1944	Cerema	2020-12-18
1	35	Tuto	829087.752	6258273.532	-0.976	-0.219	0.279	4	74.006	343.313	1942-07-01	2016-07-02	3	4.64	58990.31	4.53	4.68	4.46	4.68	5.6	3	4.53	1941	Cerema	2020-12-18
1	36	Tuto	829109.047	6258175.825	-0.977	-0.214	0.272	4	74.006	363.169	1942-07-01	2016-07-02	3	4.91	38511.46	4.79	4.97	4.71	4.97	6.08	3	9.98	1946	Cerema	2020-12-18
1	37	Tuto	829130.342	6258078.119	-0.982	-0.188	0.239	4	74.006	393.331	1942-07-01	2016-07-02	3	5.31	70188.5	5.14	5.38	5.04	5.38	6.88	3	12.14	1952	Cerema	2020-12-18
1	38	Tuto	829143.267	6257979.075	-0.994	-0.111	0.141	4	74.006	422.738	1942-07-01	2016-07-02	3	5.71	34067.35	5.53	5.81	5.4	5.81	7.58	3	13.79	1955	Cerema	2020-12-18
1	39	Tuto	829151.761	6257879.436	-0.997	-0.08	0.102	4	74.006	451.833	1942-07-01	2016-07-02	3	6.1	-2996.35	5.95	6.24	5.82	6.24	8.03	3	14.29	1953	Cerema	2020-12-18
1	40	Tuto	829159.032	6257779.709	-0.998	-0.064	0.081	4	74.006	496.018	1942-07-01	2016-07-02	3	6.7	23438.4	6.5	6.83	6.35	6.83	8.89	3	16.12	1955	Cerema	2020-12-18
1	41	Tuto	829164.546	6257679.861	-0.999	-0.04	0.051	4	74.006	536.372	1942-07-01	2016-07-02	3	7.23	-5907.31	7.02	7.45	6.81	7.45	10.14	3	19.59	1959	Cerema	2020-12-18
1	42	Tuto	829163.407	6257579.891	-0.999	0.034	-0.043	3	74.006	563.022	1942-07-01	2016-07-02	3	7.61	11.61	7.22	7.47	6.99	7.47	11.61	3	20.49	1959	Cerema	2020-12-18
1	43	Tuto	829158.183	6257480.102	-0.987	0.159	-0.202	4	74.006	593.316	1942-07-01	2016-07-02	3	8.02	4847.7	7.72	8.29	7.45	8.29	11.84	3	24.28	1962	Cerema	2020-12-18
1	44	Tuto	829133.991	6257383.195	-0.961	0.275	-0.351	4	74.006	604.636	1942-07-01	2016-07-02	3	8.13	-10221.7	7.81	8.47	7.5	8.47	12.52	3	26.74	1964	Cerema	2020-12-18
1	45	Tuto	829103.545	6257287.943	-0.948	0.319	-0.407	4	74.006	665.67	1942-07-01	2016-07-02	3	8.95	-10968.5	8.73	9.2	8.5	9.2	12.14	3	22.48	1956	Cerema	2020-12-18
1	46	Tuto	829070.398	6257193.673	-0.931	0.364	-0.466	3	74.006	666.247	1942-07-01	2016-07-02	3	9	12.83	8.64	8.87	8.41	8.87	12.83	3	21.33	1954	Cerema	2020-12-18
1	47	Tuto	829032.503	6257101.132	-0.925	0.379	-0.485	3	74.006	715.045	1942-07-01	2016-07-02	3	9.66	12.16	9.42	9.84	9.28	9.84	12.16	3	9.42	1937	Cerema	2020-12-18
1	48	Tuto	828994.608	6257008.59	-0.925	0.379	-0.485	3	74.006	734.313	1942-07-01	2016-07-02	3	9.92	10.07	9.91	9.92	9.9	9.92	10.07	2	9.91	NA	Cerema	2020-12-18
1	49	Tuto	828956.712	6256916.049	-0.917	0.399	-0.512	3	74.006	735.535	1942-07-01	2016-07-02	3	9.94	7.9	10.13	10.01	10.25	10.01	7.9	2	10.13	2031	Cerema	2020-12-18
1	50	Tuto	828914.857	6256825.379	-0.84	0.543	-0.712	3	74.006	479.839	1942-07-01	2016-07-02	3	6.48	5.87	6.54	6.5	6.58	6.5	5.87	2	6.54	2093	Cerema	2020-12-18
1	51	Tuto	828846.679	6256756.653	-0.615	0.789	-1.212	3	74.006	455.048	1942-07-01	2016-07-02	3	6.15	5.56	6.21	6.17	6.24	6.17	5.56	2	6.21	2091	Cerema	2020-12-18
1	52	Tuto	828762.032	6256703.408	-0.514	0.858	-1.494	3	74.006	447.752	1942-07-01	2016-07-02	3	6.05	6.53	6	6.03	5.98	6.03	6.53	3	6	1844	Cerema	2020-12-18
1	53	Tuto	828674.677	6256654.861	-0.459	0.889	-1.689	2	69.248	403.247	1942-07-01	2011-09-30	3	5.82	5.82	5.82	5.82	5.82	5.82	NA	2	5.82	NA	Cerema	2020-12-18
1	54	Tuto	828584.849	6256610.92	-0.44	0.898	-1.765	2	69.248	358.427	1942-07-01	2011-09-30	3	5.18	5.18	5.18	5.18	5.18	5.18	NA	2	5.18	NA	Cerema	2020-12-18
1	55	Tuto	828495.02	6256566.98	-0.44	0.898	-1.765	2	69.248	357.497	1942-07-01	2011-09-30	3	5.16	5.16	5.16	5.16	5.16	5.16	NA	2	5.16	NA	Cerema	2020-12-18
1	56	Tuto	828405.191	6256523.039	-0.433	0.901	-1.795	2	69.248	356.418	1942-07-01	2011-09-30	3	5.15	5.15	5.15	5.15	5.15	5.15	NA	2	5.15	NA	Cerema	2020-12-18
1	57	Tuto	828315.227	6256479.383	-0.401	0.916	-1.945	2	69.248	363.326	1942-07-01	2011-09-30	3	5.25	5.25	5.25	5.25	5.25	5.25	NA	2	5.25	NA	Cerema	2020-12-18
1	58	Tuto	828222.464	6256442.067	-0.357	0.934	-2.191	4	74.006	433.978	1942-07-01	2016-07-02	3	5.69	1.57	5.96	5.52	6.05	5.52	3.82	3	-2.66	2003	Cerema	2020-12-18
1	59	Tuto	828128.614	6256407.538	-0.345	0.939	-2.269	4	74.006	383.263	1942-07-01	2016-07-02	3	5.07	1.67	5.28	5.11	5.35	5.11	3.55	3	-1.66	2005	Cerema	2020-12-18
1	60	Tuto	828034.783	6256372.958	-0.349	0.937	-2.242	3	71.001	340.518	1942-07-01	2013-07-01	3	4.79	3.21	4.85	4.82	4.84	4.82	3.21	3	NA	2012	Cerema	2020-12-18
1	61	Tuto	827940.973	6256338.325	-0.372	0.928	-2.101	3	71.001	344.47	1942-07-01	2013-07-01	3	4.77	2.15	4.87	4.81	4.84	4.81	2.15	3	-3.3	1998	Cerema	2020-12-18
1	62	Tuto	827849.86	6256297.196	-0.417	0.909	-1.867	3	71.001	317.62	1942-07-01	2013-07-01	3	4.36	1.48	4.47	4.4	4.44	4.4	1.48	3	-4.5	1995	Cerema	2020-12-18
1	63	Tuto	827759.603	6256254.142	-0.431	0.902	-1.803	3	71.001	328.234	1942-07-01	2013-07-01	3	4.48	1.18	4.6	4.53	4.57	4.53	1.18	3	-5.69	1993	Cerema	2020-12-18
1	64	Tuto	827669.346	6256211.088	-0.431	0.902	-1.803	3	71.001	339.359	1942-07-01	2013-07-01	3	4.62	1.08	4.76	4.67	4.72	4.67	1.08	3	-6.29	1992	Cerema	2020-12-18
1	65	Tuto	827579.088	6256168.034	-0.416	0.909	-1.871	3	71.001	576.093	1942-07-01	2013-07-01	3	5.13	-35.77	6.65	5.7	6.28	5.7	-35.77	3	-120.76	1979	Cerema	2020-12-18
1	66	Tuto	827487.781	6256127.365	-0.375	0.927	-2.084	3	71.001	650.015	1942-07-01	2013-07-01	3	5.82	-40	7.51	6.45	7.1	6.45	-40	3	-135.22	1979	Cerema	2020-12-18
1	67	Tuto	827394.097	6256092.397	-0.385	0.923	-2.028	3	71.001	696.199	1942-07-01	2013-07-01	3	8.96	-5.05	9.48	9.16	9.35	9.16	-5.05	3	-34.16	1985	Cerema	2020-12-18
1	68	Tuto	827303.5	6256050.118	-0.422	0.906	-1.843	3	71.001	747.819	1942-07-01	2013-07-01	3	10.53	13.38	10.43	10.49	10.45	10.49	13.38	3	10.43	1936	Cerema	2020-12-18
1	69	Tuto	827213.464	6256006.608	-0.419	0.908	-1.858	3	71.001	797.851	1942-07-01	2013-07-01	3	11.24	18.23	10.98	11.14	11.04	11.14	18.23	3	32.77	1959	Cerema	2020-12-18
1	70	Tuto	827121.119	6255968.555	-0.378	0.926	-2.067	3	71.001	741.006	1942-07-01	2013-07-01	3	10.44	18.82	10.13	10.32	10.2	10.32	18.82	3	36.25	1963	Cerema	2020-12-18
1	71	Tuto	827029.12	6255929.486	-0.434	0.901	-1.791	3	71.001	810.828	1942-07-01	2013-07-01	3	11.42	34.27	10.57	11.1	10.78	11.1	34.27	3	81.76	1972	Cerema	2020-12-18
1	72	Tuto	826939.485	6255885.315	-0.535	0.845	-1.428	3	71.001	836.4	1942-07-01	2013-07-01	3	11.78	26.75	11.23	11.57	11.36	11.57	26.75	3	57.85	1969	Cerema	2020-12-18
1	73	Tuto	826858.782	6255826.325	-0.607	0.795	-1.231	3	71.001	857.588	1942-07-01	2013-07-01	3	12.08	23.33	11.66	11.92	11.76	11.92	23.33	3	46.72	1965	Cerema	2020-12-18
1	74	Tuto	826781.559	6255762.793	-0.633	0.774	-1.167	3	71.001	860.695	1942-07-01	2013-07-01	3	12.12	14.67	12.03	12.09	12.05	12.09	14.67	3	12.03	1924	Cerema	2020-12-18
1	75	Tuto	826704.421	6255699.155	-0.651	0.759	-1.125	3	71.001	854.969	1942-07-01	2013-07-01	3	12.04	10.24	12.11	12.07	12.09	12.07	10.24	2	12.11	2053	Cerema	2020-12-18
1	76	Tuto	826627.609	6255635.158	-0.695	0.719	-1.026	3	71.001	926.692	1942-07-01	2013-07-01	3	12.12	-4.02	12.72	12.35	12.58	12.35	-4.02	3	-37.57	1986	Cerema	2020-12-18
1	77	Tuto	826557.074	6255564.272	-0.709	0.705	-0.996	3	71.001	925.9	1942-07-01	2013-07-01	3	12.27	-1.8	12.8	12.47	12.67	12.47	-1.8	3	-31.03	1987	Cerema	2020-12-18
1	78	Tuto	826486.539	6255493.386	-0.721	0.693	-0.97	3	71.001	942.474	1942-07-01	2013-07-01	3	12.88	3.47	13.23	13.01	13.14	13.01	3.48	3	-16.06	1993	Cerema	2020-12-18
1	79	Tuto	826418.444	6255420.202	-0.765	0.644	-0.876	3	71.001	944.684	1942-07-01	2013-07-01	3	13.31	11.2	13.38	13.33	13.36	13.33	11.2	2	13.38	2048	Cerema	2020-12-18
1	80	Tuto	826357.847	6255340.7	-0.851	0.525	-0.686	3	71.001	994.9	1942-07-01	2013-07-01	3	14.01	18.45	13.85	13.95	13.89	13.95	18.45	3	27.68	1942	Cerema	2020-12-18
1	81	Tuto	826319.141	6255250.361	-0.964	0.267	-0.34	3	71.001	1015.799	1942-07-01	2013-07-01	3	14.31	15.87	14.25	14.29	14.26	14.29	15.87	3	14.25	1874	Cerema	2020-12-18
1	82	Tuto	826300.004	6255152.299	-0.994	0.105	-0.134	3	71.001	972.703	1942-07-01	2013-07-01	3	13.7	10.34	13.82	13.75	13.79	13.75	10.34	2	13.82	2023	Cerema	2020-12-18
1	83	Tuto	826292.833	6255052.6	-1	0.018	-0.023	3	71.001	918.7	1942-07-01	2013-07-01	3	12.94	10.91	13.01	12.97	13	12.97	10.91	2	13.01	2049	Cerema	2020-12-18
1	84	Tuto	826294.079	6254952.647	-0.999	-0.05	0.064	3	71.001	858.189	1942-07-01	2013-07-01	3	12.09	10.47	12.15	12.11	12.13	12.11	10.47	2	12.15	2062	Cerema	2020-12-18
1	85	Tuto	826303.084	6254853.062	-0.996	-0.093	0.118	3	71.001	788.371	1942-07-01	2013-07-01	3	11.1	12.72	11.04	11.08	11.06	11.08	12.72	3	11.04	1900	Cerema	2020-12-18
1	86	Tuto	826314.436	6254753.715	-0.992	-0.122	0.155	3	71.001	699.913	1942-07-01	2013-07-01	3	9.86	11.17	9.81	9.84	9.82	9.84	11.17	3	9.81	1893	Cerema	2020-12-18
1	87	Tuto	826327.01	6254654.512	-0.984	-0.178	0.227	3	71.001	616.775	1942-07-01	2013-07-01	3	8.69	8.42	8.7	8.69	8.69	8.69	8.42	2	8.7	NA	Cerema	2020-12-18
1	88	Tuto	826350.075	6254557.33	-0.951	-0.309	0.394	3	71.001	555.063	1942-07-01	2013-07-01	3	7.82	8.57	7.79	7.81	7.8	7.81	8.57	2	7.79	NA	Cerema	2020-12-18
1	89	Tuto	826390.608	6254466.054	-0.905	-0.425	0.546	3	71.001	498.197	1942-07-01	2013-07-01	3	7.02	7.54	7	7.01	7	7.01	7.55	2	7	NA	Cerema	2020-12-18
1	90	Tuto	826435.796	6254376.861	-0.882	-0.471	0.609	3	71.001	397.934	1942-07-01	2013-07-01	3	5.6	5.71	5.6	5.6	5.6	5.6	5.71	2	5.6	NA	Cerema	2020-12-18
1	91	Tuto	826483.591	6254289.022	-0.878	-0.479	0.62	3	71.001	333.657	1942-07-01	2013-07-01	3	4.7	5.15	4.68	4.69	4.69	4.69	5.15	2	4.68	NA	Cerema	2020-12-18
1	92	Tuto	826531.592	6254201.296	-0.877	-0.48	0.622	3	71.001	285.323	1942-07-01	2013-07-01	3	4.02	3.69	4.03	4.02	4.03	4.02	3.69	2	4.03	NA	Cerema	2020-12-18
1	93	Tuto	826579.594	6254113.57	-0.873	-0.488	0.633	3	71.001	246.995	1942-07-01	2013-07-01	3	3.48	2.59	3.51	3.49	3.5	3.49	2.59	2	3.51	NA	Cerema	2020-12-18
1	94	Tuto	826628.556	6254026.383	-0.858	-0.513	0.668	3	71.001	205.893	1942-07-01	2013-07-01	3	2.83	0.95	2.9	2.85	2.88	2.85	0.95	3	-2.94	1994	Cerema	2020-12-18
1	95	Tuto	826680.669	6253941.036	-0.853	-0.523	0.682	3	71.001	170.404	1942-07-01	2013-07-01	3	2.24	-0.58	2.35	2.28	2.32	2.28	-0.58	3	-6.44	1986	Cerema	2020-12-18
1	96	Tuto	826734.369	6253856.681	-0.85	-0.527	0.688	3	71.001	135.586	1942-07-01	2013-07-01	3	1.75	-0.92	1.85	1.79	1.82	1.79	-0.92	3	-6.46	1985	Cerema	2020-12-18
1	97	Tuto	826787.403	6253771.903	-0.821	-0.571	0.755	3	71.001	108.493	1942-07-01	2013-07-01	3	1.25	-2.8	1.4	1.31	1.36	1.31	-2.8	3	-11.23	1981	Cerema	2020-12-18
1	98	Tuto	826849.046	6253693.919	-0.73	-0.684	0.951	3	71.001	75.834	1942-07-01	2013-07-01	3	0.67	-4.74	0.87	0.75	0.82	0.75	-4.74	3	-15.99	1979	Cerema	2020-12-18
1	99	Tuto	826920.699	6253624.163	-0.697	-0.718	1.023	3	71.001	42.711	1942-07-01	2013-07-01	3	-0.03	-7.94	0.26	0.08	0.19	0.08	-7.94	3	-24.38	1977	Cerema	2020-12-18
1	100	Tuto	826992.352	6253554.407	-0.681	-0.732	1.057	3	71.001	51.062	1942-07-01	2013-07-01	3	-0.35	-9.7	0	-0.22	-0.35	-0.35	-9.7	3	-29.14	1977	Cerema	2020-12-18
1	101	Tuto	827066.524	6253487.537	-0.63	-0.777	1.175	3	71.001	45.689	1942-07-01	2013-07-01	3	-0.64	-7.01	-0.41	-0.56	-0.47	-0.56	-7.01	3	-20.25	1976	Cerema	2020-12-18
1	102	Tuto	827145.629	6253426.362	-0.612	-0.791	1.219	3	71.001	78.453	1942-07-01	2013-07-01	3	-1.1	-6.9	-0.89	-1.02	-0.94	-1.02	-6.9	3	-18.94	1975	Cerema	2020-12-18
1	103	Tuto	827224.734	6253365.187	-0.618	-0.786	1.203	3	71.001	103.326	1942-07-01	2013-07-01	3	-1.46	-9.15	-1.17	-1.35	-1.24	-1.35	-9.15	3	-25.13	1975	Cerema	2020-12-18
1	104	Tuto	827305.061	6253305.681	-0.629	-0.778	1.178	3	71.001	130.847	1942-07-01	2013-07-01	3	-1.84	-10.55	-1.52	-1.72	-1.6	-1.72	-10.55	3	-28.65	1975	Cerema	2020-12-18
1	105	Tuto	827382.885	6253242.889	-0.615	-0.789	1.212	3	71.001	147.662	1942-07-01	2013-07-01	3	-2.08	-9.2	-1.82	-1.98	-1.88	-1.98	-9.2	3	-24	1974	Cerema	2020-12-18
1	106	Tuto	827463.057	6253183.144	-0.588	-0.809	1.28	3	71.001	164.674	1942-07-01	2013-07-01	3	-2.32	-7.16	-2.14	-2.25	-2.18	-2.25	-7.16	3	-17.21	1972	Cerema	2020-12-18
1	107	Tuto	827544.566	6253125.215	-0.571	-0.821	1.325	3	71.001	188.063	1942-07-01	2013-07-01	3	-2.65	-7.4	-2.47	-2.58	-2.52	-2.58	-7.4	3	-17.26	1971	Cerema	2020-12-18
1	108	Tuto	827627.229	6253068.945	-0.56	-0.828	1.355	3	71.001	203.251	1942-07-01	2013-07-01	3	-2.86	-7.76	-2.68	-2.79	-2.73	-2.79	-7.76	3	-17.95	1971	Cerema	2020-12-18
1	109	Tuto	827710.25	6253013.2	-0.556	-0.831	1.366	3	71.001	224.145	1942-07-01	2013-07-01	3	-3.16	-7.94	-2.98	-3.09	-3.02	-3.09	-7.94	3	-17.88	1970	Cerema	2020-12-18
1	110	Tuto	827793.48	6252957.772	-0.553	-0.833	1.375	3	71.001	249.537	1942-07-01	2013-07-01	3	-3.51	-8.23	-3.34	-3.45	-3.38	-3.45	-8.22	3	-18.01	1969	Cerema	2020-12-18
1	111	Tuto	827876.671	6252902.284	-0.573	-0.819	1.319	3	71.001	258.719	1942-07-01	2013-07-01	3	-3.64	-8	-3.48	-3.58	-3.52	-3.58	-7.99	3	-17.04	1968	Cerema	2020-12-18
1	112	Tuto	827957.229	6252843.116	-0.626	-0.78	1.184	2	69.248	231.773	1942-07-01	2011-09-30	3	-3.35	-3.35	-3.35	-3.35	-3.35	-3.35	NA	2	-3.35	NA	Cerema	2020-12-18
1	113	Tuto	828034.202	6252779.313	-0.661	-0.75	1.102	2	69.248	260.763	1942-07-01	2011-09-30	3	-3.77	-3.77	-3.77	-3.77	-3.77	-3.77	NA	2	-3.77	NA	Cerema	2020-12-18
1	114	Tuto	828108.475	6252712.358	-0.662	-0.75	1.1	1	0	0	1942-07-01	1942-07-01	3	NA	NA	NA	NA	NA	NA	NA	NA	NA	NA	Cerema	2020-12-18
1	115	Tuto	828183.653	6252646.416	-0.659	-0.752	1.107	1	0	0	1942-07-01	1942-07-01	3	NA	NA	NA	NA	NA	NA	NA	NA	NA	NA	Cerema	2020-12-18
1	116	Tuto	828258.831	6252580.475	-0.659	-0.752	1.107	1	0	0	1942-07-01	1942-07-01	3	NA	NA	NA	NA	NA	NA	NA	NA	NA	NA	Cerema	2020-12-18
1	117	Tuto	828334.009	6252514.533	-0.66	-0.751	1.104	1	0	0	1942-07-01	1942-07-01	3	NA	NA	NA	NA	NA	NA	NA	NA	NA	NA	Cerema	2020-12-18
1	118	Tuto	828409.187	6252448.592	-0.661	-0.751	1.103	1	0	0	1942-07-01	1942-07-01	3	NA	NA	NA	NA	NA	NA	NA	NA	NA	NA	Cerema	2020-12-18
1	119	Tuto	828484.424	6252382.718	-0.656	-0.755	1.114	1	0	0	1942-07-01	1942-07-01	3	NA	NA	NA	NA	NA	NA	NA	NA	NA	NA	Cerema	2020-12-18
1	120	Tuto	828560.574	6252317.907	-0.645	-0.764	1.139	1	0	0	1942-07-01	1942-07-01	3	NA	NA	NA	NA	NA	NA	NA	NA	NA	NA	Cerema	2020-12-18
1	121	Tuto	828637.127	6252253.568	-0.61	-0.793	1.224	1	0	0	1942-07-01	1942-07-01	3	NA	NA	NA	NA	NA	NA	NA	NA	NA	NA	Cerema	2020-12-18
1	122	Tuto	828716.279	6252192.831	-0.52	-0.854	1.474	1	0	0	1942-07-01	1942-07-01	3	NA	NA	NA	NA	NA	NA	NA	NA	NA	NA	Cerema	2020-12-18
1	123	Tuto	828803.917	6252144.678	-0.474	-0.88	1.63	1	0	0	1942-07-01	1942-07-01	3	NA	NA	NA	NA	NA	NA	NA	NA	NA	NA	Cerema	2020-12-18
1	124	Tuto	828892.544	6252098.376	-0.46	-0.888	1.684	1	0	0	1942-07-01	1942-07-01	3	NA	NA	NA	NA	NA	NA	NA	NA	NA	NA	Cerema	2020-12-18
1	125	Tuto	828981.695	6252053.111	-0.459	-0.888	1.687	1	0	0	1942-07-01	1942-07-01	3	NA	NA	NA	NA	NA	NA	NA	NA	NA	NA	Cerema	2020-12-18
1	126	Tuto	829070.238	6252007.882	-0.447	-0.895	1.737	1	0	0	1942-07-01	1942-07-01	3	NA	NA	NA	NA	NA	NA	NA	NA	NA	NA	Cerema	2020-12-18
1	127	Tuto	829160.151	6251964.126	-0.434	-0.901	1.791	1	0	0	1942-07-01	1942-07-01	3	NA	NA	NA	NA	NA	NA	NA	NA	NA	NA	Cerema	2020-12-18
1	128	Tuto	829250.422	6251921.103	-0.421	-0.907	1.849	1	0	0	1942-07-01	1942-07-01	3	NA	NA	NA	NA	NA	NA	NA	NA	NA	NA	Cerema	2020-12-18
1	129	Tuto	829341.375	6251879.614	-0.397	-0.918	1.965	1	0	0	1942-07-01	1942-07-01	3	NA	NA	NA	NA	NA	NA	NA	NA	NA	NA	Cerema	2020-12-18
1	130	Tuto	829433.478	6251840.666	-0.372	-0.928	2.101	1	0	0	1942-07-01	1942-07-01	3	NA	NA	NA	NA	NA	NA	NA	NA	NA	NA	Cerema	2020-12-18
1	131	Tuto	829527.406	6251806.482	-0.316	-0.949	2.481	1	0	0	1942-07-01	1942-07-01	3	NA	NA	NA	NA	NA	NA	NA	NA	NA	NA	Cerema	2020-12-18
1	132	Tuto	829622.102	6251774.507	-0.302	-0.953	2.596	1	0	0	1942-07-01	1942-07-01	3	NA	NA	NA	NA	NA	NA	NA	NA	NA	NA	Cerema	2020-12-18
1	133	Tuto	829717.509	6251744.56	-0.318	-0.948	2.464	1	0	0	1942-07-01	1942-07-01	3	NA	NA	NA	NA	NA	NA	NA	NA	NA	NA	Cerema	2020-12-18
1	134	Tuto	829812.121	6251712.177	-0.322	-0.947	2.434	1	0	0	1942-07-01	1942-07-01	3	NA	NA	NA	NA	NA	NA	NA	NA	NA	NA	Cerema	2020-12-18
1	135	Tuto	829906.912	6251680.331	-0.313	-0.95	2.505	1	0	0	1942-07-01	1942-07-01	3	NA	NA	NA	NA	NA	NA	NA	NA	NA	NA	Cerema	2020-12-18
1	136	Tuto	830001.969	6251649.311	-0.301	-0.954	2.606	1	0	0	1942-07-01	1942-07-01	3	NA	NA	NA	NA	NA	NA	NA	NA	NA	NA	Cerema	2020-12-18
1	137	Tuto	830097.417	6251619.484	-0.292	-0.957	2.687	1	0	0	1942-07-01	1942-07-01	3	NA	NA	NA	NA	NA	NA	NA	NA	NA	NA	Cerema	2020-12-18
1	138	Tuto	830193.326	6251591.227	-0.271	-0.962	2.895	1	0	0	1942-07-01	1942-07-01	3	NA	NA	NA	NA	NA	NA	NA	NA	NA	NA	Cerema	2020-12-18
1	139	Tuto	830289.806	6251564.928	-0.262	-0.965	2.996	1	0	0	1942-07-01	1942-07-01	3	NA	NA	NA	NA	NA	NA	NA	NA	NA	NA	Cerema	2020-12-18
1	140	Tuto	830386.397	6251539.041	-0.25	-0.968	3.14	1	0	0	1942-07-01	1942-07-01	3	NA	NA	NA	NA	NA	NA	NA	NA	NA	NA	Cerema	2020-12-18
1	141	Tuto	830483.176	6251513.902	-0.226	-0.974	3.474	1	0	0	1942-07-01	1942-07-01	3	NA	NA	NA	NA	NA	NA	NA	NA	NA	NA	Cerema	2020-12-18
1	142	Tuto	830580.764	6251492.073	-0.203	-0.979	3.869	1	0	0	1942-07-01	1942-07-01	3	NA	NA	NA	NA	NA	NA	NA	NA	NA	NA	Cerema	2020-12-18
1	143	Tuto	830678.667	6251471.726	-0.155	-0.988	5.068	1	0	0	1942-07-01	1942-07-01	3	NA	NA	NA	NA	NA	NA	NA	NA	NA	NA	Cerema	2020-12-18
1	144	Tuto	830777.774	6251458.415	-0.132	-0.991	5.95	1	0	0	1942-07-01	1942-07-01	3	NA	NA	NA	NA	NA	NA	NA	NA	NA	NA	Cerema	2020-12-18
