NAxe	NTrace	Xsque	Ysque	U	V	Angle	NDate	Duree	Amplitude	DateTDCvieux	DateTDCrecent	Marqueur	EPR	AOR	OLS	WLS	RLS	RWLS	JK	K	MDL	DateK	Product	DateProd
1	13	828286.269	6260307.783	-0.806	-0.592	0.788	1	0	0	2011-09-30	2011-09-30	3	NA	NA	NA	NA	NA	NA	NA	NA	NA	NA	Cerema	2020-06-23
1	14	828343.817	6260226.003	-0.818	-0.575	0.761	1	0	0	2011-09-30	2011-09-30	3	NA	NA	NA	NA	NA	NA	NA	NA	NA	NA	Cerema	2020-06-23
1	15	828396.828	6260141.229	-0.852	-0.524	0.684	1	0	0	2011-09-30	2011-09-30	3	NA	NA	NA	NA	NA	NA	NA	NA	NA	NA	Cerema	2020-06-23
1	16	828448.593	6260055.67	-0.856	-0.517	0.674	1	0	0	2011-09-30	2011-09-30	3	NA	NA	NA	NA	NA	NA	NA	NA	NA	NA	Cerema	2020-06-23
1	17	828498.351	6259968.984	-0.894	-0.448	0.577	1	0	0	2011-09-30	2011-09-30	3	NA	NA	NA	NA	NA	NA	NA	NA	NA	NA	Cerema	2020-06-23
1	18	828543.138	6259879.574	-0.894	-0.448	0.577	1	0	0	2011-09-30	2011-09-30	3	NA	NA	NA	NA	NA	NA	NA	NA	NA	NA	Cerema	2020-06-23
1	19	828586.485	6259789.483	-0.914	-0.405	0.52	1	0	0	2011-09-30	2011-09-30	3	NA	NA	NA	NA	NA	NA	NA	NA	NA	NA	Cerema	2020-06-23
1	20	828627.007	6259698.061	-0.914	-0.405	0.52	1	0	0	2011-09-30	2011-09-30	3	NA	NA	NA	NA	NA	NA	NA	NA	NA	NA	Cerema	2020-06-23
1	21	828666.04	6259605.997	-0.922	-0.386	0.495	1	0	0	2011-09-30	2011-09-30	3	NA	NA	NA	NA	NA	NA	NA	NA	NA	NA	Cerema	2020-06-23
1	22	828704.022	6259513.5	-0.934	-0.356	0.455	1	0	0	2011-09-30	2011-09-30	3	NA	NA	NA	NA	NA	NA	NA	NA	NA	NA	Cerema	2020-06-23
1	23	828739.667	6259420.069	-0.934	-0.358	0.458	1	0	0	2011-09-30	2011-09-30	3	NA	NA	NA	NA	NA	NA	NA	NA	NA	NA	Cerema	2020-06-23
1	24	828774.789	6259326.439	-0.937	-0.35	0.447	1	0	0	2011-09-30	2011-09-30	3	NA	NA	NA	NA	NA	NA	NA	NA	NA	NA	Cerema	2020-06-23
1	25	828810.804	6259233.154	-0.93	-0.369	0.472	1	0	0	2011-09-30	2011-09-30	3	NA	NA	NA	NA	NA	NA	NA	NA	NA	NA	Cerema	2020-06-23
1	26	828846.451	6259139.728	-0.937	-0.35	0.447	1	0	0	2011-09-30	2011-09-30	3	NA	NA	NA	NA	NA	NA	NA	NA	NA	NA	Cerema	2020-06-23
1	27	828881.366	6259046.022	-0.94	-0.342	0.437	1	0	0	2011-09-30	2011-09-30	3	NA	NA	NA	NA	NA	NA	NA	NA	NA	NA	Cerema	2020-06-23
1	28	828914.419	6258951.657	-0.952	-0.306	0.39	1	0	0	2011-09-30	2011-09-30	3	NA	NA	NA	NA	NA	NA	NA	NA	NA	NA	Cerema	2020-06-23
1	29	828945.026	6258856.457	-0.952	-0.306	0.39	1	0	0	2011-09-30	2011-09-30	3	NA	NA	NA	NA	NA	NA	NA	NA	NA	NA	Cerema	2020-06-23
1	30	828974.409	6258760.883	-0.97	-0.241	0.307	1	0	0	2011-09-30	2011-09-30	3	NA	NA	NA	NA	NA	NA	NA	NA	NA	NA	Cerema	2020-06-23
1	31	828998.435	6258663.812	-0.971	-0.24	0.306	1	0	0	2011-09-30	2011-09-30	3	NA	NA	NA	NA	NA	NA	NA	NA	NA	NA	Cerema	2020-06-23
1	32	829022.113	6258566.659	-0.976	-0.219	0.279	1	0	0	2011-09-30	2011-09-30	3	NA	NA	NA	NA	NA	NA	NA	NA	NA	NA	Cerema	2020-06-23
1	33	829044.047	6258469.094	-0.976	-0.219	0.279	1	0	0	2011-09-30	2011-09-30	3	NA	NA	NA	NA	NA	NA	NA	NA	NA	NA	Cerema	2020-06-23
1	34	829066.196	6258371.58	-0.969	-0.246	0.313	3	4.757	47.531	2011-09-30	2016-07-02	3	9.99	8.9	8.9	8.9	9.26	8.9	NA	2	8.9	NA	Cerema	2020-06-23
1	35	829087.668	6258273.914	-0.977	-0.213	0.271	3	4.758	44.735	2011-09-30	2016-07-02	3	9.4	112180.3	8.89	8.89	9.06	8.89	112180.3	2	8.89	NA	Cerema	2020-06-23
1	36	829108.963	6258176.208	-0.977	-0.213	0.271	3	4.758	49.033	2011-09-30	2016-07-02	3	10.31	76767.13	9.95	9.95	10.07	9.95	76767.13	2	9.95	NA	Cerema	2020-06-23
1	37	829130.258	6258078.502	-0.977	-0.213	0.271	2	4.757	53.178	2011-09-30	2016-07-02	3	11.18	11.18	11.18	11.18	11.18	11.18	NA	2	11.18	NA	Cerema	2020-06-23
1	38	829143.234	6257979.465	-0.996	-0.085	0.108	3	4.758	67.738	2011-09-30	2016-07-02	3	14.24	73869.9	13.55	13.55	13.78	13.55	73869.9	2	13.55	NA	Cerema	2020-06-23
1	39	829151.728	6257879.826	-0.996	-0.085	0.108	3	4.758	68.359	2011-09-30	2016-07-02	3	14.22	-7105.38	14.29	14.29	14.27	14.29	-7105.38	2	14.29	NA	Cerema	2020-06-23
1	40	829159.009	6257780.1	-0.998	-0.059	0.075	3	4.758	78.336	2011-09-30	2016-07-02	3	16.47	43777.26	16	16	16.16	16	43777.26	2	16	NA	Cerema	2020-06-23
1	41	829164.525	6257680.252	-0.998	-0.055	0.07	3	4.758	94.612	2011-09-30	2016-07-02	3	19.73	-6559.68	19.81	19.81	19.78	19.81	-6559.68	2	19.81	NA	Cerema	2020-06-23
1	42	829163.416	6257580.282	-1	0.024	-0.031	2	4.758	98.427	2011-09-30	2016-07-02	3	20.69	20.69	20.69	20.69	20.69	20.69	NA	2	20.69	NA	Cerema	2020-06-23
1	43	829158.243	6257480.489	-0.988	0.154	-0.196	3	4.758	115.996	2011-09-30	2016-07-02	3	24.38	7340.5	24.28	24.28	24.31	24.28	7340.5	2	24.28	NA	Cerema	2020-06-23
1	44	829134.11	6257383.568	-0.953	0.304	-0.388	3	4.758	124.768	2011-09-30	2016-07-02	3	25.63	-17592.09	25.93	25.93	25.83	25.93	-17592.08	2	25.93	NA	Cerema	2020-06-23
1	45	829103.664	6257288.316	-0.953	0.305	-0.389	3	4.758	108.445	2011-09-30	2016-07-02	3	21.93	-25442.86	22.36	22.36	22.22	22.36	-25442.86	2	22.36	NA	Cerema	2020-06-23
1	46	829070.547	6257194.036	-0.925	0.379	-0.485	2	4.757	99.558	2011-09-30	2016-07-02	3	20.93	20.93	20.93	20.93	20.93	20.93	NA	2	20.93	NA	Cerema	2020-06-23
1	47	829032.652	6257101.494	-0.925	0.379	-0.485	2	4.757	84.217	2011-09-30	2016-07-02	3	17.7	17.7	17.7	17.7	17.7	17.7	NA	2	17.7	NA	Cerema	2020-06-23
1	48	828994.756	6257008.953	-0.925	0.379	-0.485	2	4.757	49.747	2011-09-30	2016-07-02	3	10.46	10.46	10.46	10.46	10.46	10.46	NA	2	10.46	NA	Cerema	2020-06-23
1	49	828956.861	6256916.411	-0.925	0.379	-0.485	2	4.757	16.401	2011-09-30	2016-07-02	3	3.45	3.45	3.45	3.45	3.45	3.45	NA	2	3.45	NA	Cerema	2020-06-23
1	50	828915.044	6256825.725	-0.88	0.475	-0.614	2	4.757	33.559	2011-09-30	2016-07-02	3	7.05	7.05	7.05	7.05	7.05	7.05	NA	2	7.05	NA	Cerema	2020-06-23
1	51	828847.054	6256756.89	-0.532	0.846	-1.436	2	4.757	18.014	2011-09-30	2016-07-02	3	3.79	3.79	3.79	3.79	3.79	3.79	NA	2	3.79	NA	Cerema	2020-06-23
1	52	828762.408	6256703.645	-0.532	0.846	-1.436	2	4.757	39.176	2011-09-30	2016-07-02	3	8.23	8.23	8.23	8.23	8.23	8.23	NA	2	8.23	NA	Cerema	2020-06-23
1	53	828675.076	6256655.056	-0.439	0.899	-1.77	1	0	0	2011-09-30	2011-09-30	3	NA	NA	NA	NA	NA	NA	NA	NA	NA	NA	Cerema	2020-06-23
1	54	828585.248	6256611.115	-0.439	0.898	-1.769	1	0	0	2011-09-30	2011-09-30	3	NA	NA	NA	NA	NA	NA	NA	NA	NA	NA	Cerema	2020-06-23
1	55	828495.419	6256567.175	-0.44	0.898	-1.765	1	0	0	2011-09-30	2011-09-30	3	NA	NA	NA	NA	NA	NA	NA	NA	NA	NA	Cerema	2020-06-23
1	56	828405.59	6256523.234	-0.44	0.898	-1.765	1	0	0	2011-09-30	2011-09-30	3	NA	NA	NA	NA	NA	NA	NA	NA	NA	NA	Cerema	2020-06-23
1	57	828315.633	6256479.564	-0.407	0.913	-1.914	1	0	0	2011-09-30	2011-09-30	3	NA	NA	NA	NA	NA	NA	NA	NA	NA	NA	Cerema	2020-06-23
1	58	828222.881	6256442.219	-0.344	0.939	-2.276	3	4.757	11.803	2011-09-30	2016-07-02	3	-2.48	-2.61	-2.42	-2.42	-2.51	-2.42	-2.61	2	-2.42	NA	Cerema	2020-06-23
1	59	828129.031	6256407.691	-0.347	0.938	-2.256	3	4.757	8.355	2011-09-30	2016-07-02	3	-1.76	-1.96	-1.66	-1.82	-1.8	-1.82	-1.96	2	-1.66	NA	Cerema	2020-06-23
1	60	828035.2	6256373.112	-0.346	0.938	-2.262	2	1.752	0.17	2011-09-30	2013-07-01	3	-0.1	-0.1	-0.1	-0.1	-0.1	-0.1	NA	1	-0.1	NA	Cerema	2020-06-23
1	61	827941.387	6256338.484	-0.36	0.933	-2.173	2	1.752	5.713	2011-09-30	2013-07-01	3	-3.26	-3.26	-3.26	-3.26	-3.26	-3.26	NA	2	-3.26	NA	Cerema	2020-06-23
1	62	827850.26	6256297.387	-0.431	0.903	-1.805	2	1.752	7.874	2011-09-30	2013-07-01	3	-4.49	-4.49	-4.49	-4.49	-4.49	-4.49	NA	2	-4.49	NA	Cerema	2020-06-23
1	63	827760.003	6256254.333	-0.431	0.902	-1.803	2	1.752	9.986	2011-09-30	2013-07-01	3	-5.7	-5.7	-5.7	-5.7	-5.7	-5.7	NA	2	-5.7	NA	Cerema	2020-06-23
1	64	827669.746	6256211.279	-0.43	0.903	-1.809	2	1.752	10.959	2011-09-30	2013-07-01	3	-6.25	-6.25	-6.25	-6.25	-6.25	-6.25	NA	2	-6.25	NA	Cerema	2020-06-23
1	65	827579.489	6256168.225	-0.431	0.903	-1.805	2	1.752	214.593	2011-09-30	2013-07-01	3	-122.47	-122.47	-122.47	-122.47	-122.47	-122.47	NA	2	-122.47	NA	Cerema	2020-06-23
1	66	827488.196	6256127.522	-0.355	0.935	-2.204	2	1.752	234.915	2011-09-30	2013-07-01	3	-134.07	-134.07	-134.07	-134.07	-134.07	-134.07	NA	2	-134.07	NA	Cerema	2020-06-23
1	67	827394.508	6256092.565	-0.378	0.926	-2.067	2	1.752	59.943	2011-09-30	2013-07-01	3	-34.21	-34.21	-34.21	-34.21	-34.21	-34.21	NA	2	-34.21	NA	Cerema	2020-06-23
1	68	827303.901	6256050.31	-0.431	0.902	-1.803	2	1.752	36.804	2011-09-30	2013-07-01	3	21	21	21	21	21	21	NA	2	21	NA	Cerema	2020-06-23
1	69	827213.862	6256006.804	-0.442	0.897	-1.757	2	1.752	58.299	2011-09-30	2013-07-01	3	33.27	33.27	33.27	33.27	33.27	33.27	NA	2	33.27	NA	Cerema	2020-06-23
1	70	827121.537	6255968.705	-0.337	0.941	-2.323	2	1.752	62.043	2011-09-30	2013-07-01	3	35.41	35.41	35.41	35.41	35.41	35.41	NA	2	35.41	NA	Cerema	2020-06-23
1	71	827029.521	6255929.677	-0.43	0.903	-1.809	2	1.752	142.787	2011-09-30	2013-07-01	3	81.49	81.49	81.49	81.49	81.49	81.49	NA	2	81.49	NA	Cerema	2020-06-23
1	72	826939.859	6255885.555	-0.539	0.842	-1.416	2	1.752	101.657	2011-09-30	2013-07-01	3	58.02	58.02	58.02	58.02	58.02	58.02	NA	2	58.02	NA	Cerema	2020-06-23
1	73	826859.131	6255826.6	-0.62	0.785	-1.199	2	1.752	76.663	2011-09-30	2013-07-01	3	43.75	43.75	43.75	43.75	43.75	43.75	NA	2	43.75	NA	Cerema	2020-06-23
1	74	826781.902	6255763.076	-0.636	0.771	-1.159	2	1.752	34.981	2011-09-30	2013-07-01	3	19.96	19.96	19.96	19.96	19.96	19.96	NA	2	19.96	NA	Cerema	2020-06-23
1	75	826704.764	6255699.438	-0.636	0.771	-1.159	2	1.752	20.91	2011-09-30	2013-07-01	3	11.93	11.93	11.93	11.93	11.93	11.93	NA	2	11.93	NA	Cerema	2020-06-23
1	76	826627.922	6255635.473	-0.708	0.706	-0.998	2	1.752	65.418	2011-09-30	2013-07-01	3	-37.33	-37.33	-37.33	-37.33	-37.33	-37.33	NA	2	-37.33	NA	Cerema	2020-06-23
1	77	826557.387	6255564.587	-0.709	0.706	-0.997	2	1.752	54.532	2011-09-30	2013-07-01	3	-31.12	-31.12	-31.12	-31.12	-31.12	-31.12	NA	2	-31.12	NA	Cerema	2020-06-23
1	78	826486.853	6255493.701	-0.709	0.705	-0.996	2	1.752	30.475	2011-09-30	2013-07-01	3	-17.39	-17.39	-17.39	-17.39	-17.39	-17.39	NA	2	-17.39	NA	Cerema	2020-06-23
1	79	826418.731	6255420.541	-0.764	0.645	-0.878	2	1.752	11.564	2011-09-30	2013-07-01	3	6.6	6.6	6.6	6.6	6.6	6.6	NA	2	6.6	NA	Cerema	2020-06-23
1	80	826358.104	6255341.063	-0.817	0.576	-0.763	2	1.752	15.691	2011-09-30	2013-07-01	3	8.95	8.95	8.95	8.95	8.95	8.95	NA	2	8.95	NA	Cerema	2020-06-23
1	81	826319.235	6255250.796	-0.977	0.212	-0.27	2	1.752	21.937	2011-09-30	2013-07-01	3	12.52	12.52	12.52	12.52	12.52	12.52	NA	2	12.52	NA	Cerema	2020-06-23
1	82	826300.048	6255152.742	-0.995	0.099	-0.126	2	1.752	6.678	2011-09-30	2013-07-01	3	3.81	3.81	3.81	3.81	3.81	3.81	NA	2	3.81	NA	Cerema	2020-06-23
1	83	826292.84	6255053.045	-1	0.016	-0.02	2	1.752	11.759	2011-09-30	2013-07-01	3	6.71	6.71	6.71	6.71	6.71	6.71	NA	2	6.71	NA	Cerema	2020-06-23
1	84	826294.054	6254953.091	-0.998	-0.056	0.071	2	1.752	12.603	2011-09-30	2013-07-01	3	7.19	7.19	7.19	7.19	7.19	7.19	NA	2	7.19	NA	Cerema	2020-06-23
1	85	826303.042	6254853.505	-0.995	-0.095	0.121	2	1.752	28.09	2011-09-30	2013-07-01	3	16.03	16.03	16.03	16.03	16.03	16.03	NA	2	16.03	NA	Cerema	2020-06-23
1	86	826314.382	6254754.157	-0.993	-0.122	0.155	2	1.752	24.352	2011-09-30	2013-07-01	3	13.9	13.9	13.9	13.9	13.9	13.9	NA	2	13.9	NA	Cerema	2020-06-23
1	87	826326.943	6254654.953	-0.989	-0.149	0.19	2	1.752	15.131	2011-09-30	2013-07-01	3	8.64	8.64	8.64	8.64	8.64	8.64	NA	2	8.64	NA	Cerema	2020-06-23
1	88	826349.935	6254557.753	-0.95	-0.313	0.399	2	1.752	17.751	2011-09-30	2013-07-01	3	10.13	10.13	10.13	10.13	10.13	10.13	NA	2	10.13	NA	Cerema	2020-06-23
1	89	826390.411	6254466.453	-0.896	-0.443	0.571	2	1.752	14.416	2011-09-30	2013-07-01	3	8.23	8.23	8.23	8.23	8.23	8.23	NA	2	8.23	NA	Cerema	2020-06-23
1	90	826435.583	6254377.252	-0.879	-0.477	0.617	2	1.752	10.785	2011-09-30	2013-07-01	3	6.16	6.16	6.16	6.16	6.16	6.16	NA	2	6.16	NA	Cerema	2020-06-23
1	91	826483.377	6254289.413	-0.877	-0.48	0.622	2	1.752	10.625	2011-09-30	2013-07-01	3	6.06	6.06	6.06	6.06	6.06	6.06	NA	2	6.06	NA	Cerema	2020-06-23
1	92	826531.378	6254201.687	-0.877	-0.48	0.622	2	1.752	5.317	2011-09-30	2013-07-01	3	3.03	3.03	3.03	3.03	3.03	3.03	NA	2	3.03	NA	Cerema	2020-06-23
1	93	826579.38	6254113.961	-0.877	-0.48	0.622	2	1.752	1.07	2011-09-30	2013-07-01	3	0.61	0.61	0.61	0.61	0.61	0.61	NA	1	0.61	NA	Cerema	2020-06-23
1	94	826628.324	6254026.764	-0.854	-0.521	0.68	2	1.752	5.255	2011-09-30	2013-07-01	3	-3	-3	-3	-3	-3	-3	NA	2	-3	NA	Cerema	2020-06-23
1	95	826680.437	6253941.416	-0.853	-0.521	0.68	2	1.752	11.312	2011-09-30	2013-07-01	3	-6.46	-6.46	-6.46	-6.46	-6.46	-6.46	NA	2	-6.46	NA	Cerema	2020-06-23
1	96	826734.133	6253857.058	-0.847	-0.532	0.696	2	1.752	11.302	2011-09-30	2013-07-01	3	-6.45	-6.45	-6.45	-6.45	-6.45	-6.45	NA	2	-6.45	NA	Cerema	2020-06-23
1	97	826787.168	6253772.282	-0.85	-0.527	0.688	2	1.752	19.606	2011-09-30	2013-07-01	3	-11.19	-11.19	-11.19	-11.19	-11.19	-11.19	NA	2	-11.19	NA	Cerema	2020-06-23
1	98	826848.727	6253694.229	-0.698	-0.717	1.021	2	1.752	27.778	2011-09-30	2013-07-01	3	-15.85	-15.85	-15.85	-15.85	-15.85	-15.85	NA	2	-15.85	NA	Cerema	2020-06-23
1	99	826920.38	6253624.474	-0.697	-0.717	1.022	2	1.752	42.637	2011-09-30	2013-07-01	3	-24.33	-24.33	-24.33	-24.33	-24.33	-24.33	NA	2	-24.33	NA	Cerema	2020-06-23
1	100	826992.033	6253554.718	-0.698	-0.717	1.021	2	1.752	51.275	2011-09-30	2013-07-01	3	-29.26	-29.26	-29.26	-29.26	-29.26	-29.26	NA	2	-29.26	NA	Cerema	2020-06-23
1	101	827066.171	6253487.81	-0.611	-0.791	1.22	2	1.752	35.549	2011-09-30	2013-07-01	3	-20.29	-20.29	-20.29	-20.29	-20.29	-20.29	NA	2	-20.29	NA	Cerema	2020-06-23
1	102	827145.276	6253426.635	-0.612	-0.791	1.219	2	1.752	33.107	2011-09-30	2013-07-01	3	-18.89	-18.89	-18.89	-18.89	-18.89	-18.89	NA	2	-18.89	NA	Cerema	2020-06-23
1	103	827224.381	6253365.46	-0.612	-0.791	1.219	2	1.752	43.914	2011-09-30	2013-07-01	3	-25.06	-25.06	-25.06	-25.06	-25.06	-25.06	NA	2	-25.06	NA	Cerema	2020-06-23
1	104	827304.717	6253305.967	-0.643	-0.766	1.144	2	1.752	50.236	2011-09-30	2013-07-01	3	-28.67	-28.67	-28.67	-28.67	-28.67	-28.67	NA	2	-28.67	NA	Cerema	2020-06-23
1	105	827382.533	6253243.165	-0.616	-0.788	1.209	2	1.752	42.117	2011-09-30	2013-07-01	3	-24.04	-24.04	-24.04	-24.04	-24.04	-24.04	NA	2	-24.04	NA	Cerema	2020-06-23
1	106	827462.694	6253183.404	-0.583	-0.812	1.292	2	1.752	30.167	2011-09-30	2013-07-01	3	-17.22	-17.22	-17.22	-17.22	-17.22	-17.22	NA	2	-17.22	NA	Cerema	2020-06-23
1	107	827544.199	6253125.47	-0.571	-0.821	1.325	2	1.752	30.196	2011-09-30	2013-07-01	3	-17.23	-17.23	-17.23	-17.23	-17.23	-17.23	NA	2	-17.23	NA	Cerema	2020-06-23
1	108	827626.858	6253069.195	-0.557	-0.83	1.363	2	1.752	31.401	2011-09-30	2013-07-01	3	-17.92	-17.92	-17.92	-17.92	-17.92	-17.92	NA	2	-17.92	NA	Cerema	2020-06-23
1	109	827709.879	6253013.45	-0.557	-0.83	1.363	2	1.752	31.369	2011-09-30	2013-07-01	3	-17.9	-17.9	-17.9	-17.9	-17.9	-17.9	NA	2	-17.9	NA	Cerema	2020-06-23
1	110	827793.108	6252958.018	-0.553	-0.833	1.375	2	1.752	31.579	2011-09-30	2013-07-01	3	-18.02	-18.02	-18.02	-18.02	-18.02	-18.02	NA	2	-18.02	NA	Cerema	2020-06-23
1	111	827876.301	6252902.535	-0.561	-0.828	1.353	2	1.752	29.787	2011-09-30	2013-07-01	3	-17	-17	-17	-17	-17	-17	NA	2	-17	NA	Cerema	2020-06-23
1	112	827956.882	6252843.399	-0.632	-0.775	1.17	1	0	0	2011-09-30	2011-09-30	3	NA	NA	NA	NA	NA	NA	NA	NA	NA	NA	Cerema	2020-06-23
1	113	828033.871	6252779.613	-0.672	-0.741	1.078	1	0	0	2011-09-30	2011-09-30	3	NA	NA	NA	NA	NA	NA	NA	NA	NA	NA	Cerema	2020-06-23
