NAxe	NTrace	Xsque	Ysque	U	V	Distance	date1	date2	marqueur	incert	prj_tdc	leve	product	NomTDC[itdc]	Nbcoup
1	1	827519.874	6261215.288	-0.559	-0.829	-1.095	1942	0	3	50	L93	NUM	Cerema	TDC_1942_INGITC_MobiTC	1
1	2	827602.011	6261158.289	-0.59	-0.808	1.536	1942	0	3	50	L93	NUM	Cerema	TDC_1942_INGITC_MobiTC	1
1	3	827682.799	6261099.356	-0.592	-0.806	-2.178	1942	0	3	50	L93	NUM	Cerema	TDC_1942_INGITC_MobiTC	1
1	4	827761.731	6261038.56	-0.608	-0.794	0.969	1942	0	3	50	L93	NUM	Cerema	TDC_1942_INGITC_MobiTC	1
1	5	827823.912	6260960.284	-0.79	-0.613	-20.443	1942	0	3	50	L93	NUM	Cerema	TDC_1942_INGITC_MobiTC	1
1	6	827884.822	6260880.978	-0.798	-0.603	-42.328	1942	0	3	50	L93	NUM	Cerema	TDC_1942_INGITC_MobiTC	1
1	7	827944.634	6260800.839	-0.805	-0.593	-59.306	1942	0	3	50	L93	NUM	Cerema	TDC_1942_INGITC_MobiTC	1
1	8	828003.911	6260720.302	-0.813	-0.582	-78.742	1942	0	3	50	L93	NUM	Cerema	TDC_1942_INGITC_MobiTC	1
1	9	828062.081	6260638.961	-0.813	-0.582	-94.816	1942	0	3	50	L93	NUM	Cerema	TDC_1942_INGITC_MobiTC	1
1	10	828118.775	6260556.587	-0.823	-0.569	-108.23	1942	0	3	50	L93	NUM	Cerema	TDC_1942_INGITC_MobiTC	1
1	11	828175.412	6260474.171	-0.824	-0.566	-120.619	1942	0	3	50	L93	NUM	Cerema	TDC_1942_INGITC_MobiTC	1
1	12	828230.644	6260390.819	-0.839	-0.544	-136.592	1942	0	3	50	L93	NUM	Cerema	TDC_1942_INGITC_MobiTC	1
1	13	828286.269	6260307.783	-0.806	-0.592	-142.076	1942	0	3	50	L93	NUM	Cerema	TDC_1942_INGITC_MobiTC	1
1	13	828286.269	6260307.783	-0.806	-0.592	144.364	201109	201110	3	10	L93	NUM	Cerema	TDC_2011_INGITC_MobiTC	1
1	14	828343.817	6260226.003	-0.818	-0.575	-149.08	1942	0	3	50	L93	NUM	Cerema	TDC_1942_INGITC_MobiTC	1
1	14	828343.817	6260226.003	-0.818	-0.575	141.22	201109	201110	3	10	L93	NUM	Cerema	TDC_2011_INGITC_MobiTC	1
1	15	828396.828	6260141.229	-0.852	-0.524	-148.472	1942	0	3	50	L93	NUM	Cerema	TDC_1942_INGITC_MobiTC	1
1	15	828396.828	6260141.229	-0.852	-0.524	141.284	201109	201110	3	10	L93	NUM	Cerema	TDC_2011_INGITC_MobiTC	1
1	16	828448.593	6260055.67	-0.856	-0.517	-145.785	1942	0	3	50	L93	NUM	Cerema	TDC_1942_INGITC_MobiTC	1
1	16	828448.593	6260055.67	-0.856	-0.517	139.979	201109	201110	3	10	L93	NUM	Cerema	TDC_2011_INGITC_MobiTC	1
1	17	828498.351	6259968.984	-0.894	-0.448	-142.393	1942	0	3	50	L93	NUM	Cerema	TDC_1942_INGITC_MobiTC	1
1	17	828498.351	6259968.984	-0.894	-0.448	143.123	201109	201110	3	10	L93	NUM	Cerema	TDC_2011_INGITC_MobiTC	1
1	18	828543.138	6259879.574	-0.894	-0.448	-137.614	1942	0	3	50	L93	NUM	Cerema	TDC_1942_INGITC_MobiTC	1
1	18	828543.138	6259879.574	-0.894	-0.448	134.203	201109	201110	3	10	L93	NUM	Cerema	TDC_2011_INGITC_MobiTC	1
1	19	828586.485	6259789.483	-0.914	-0.405	-134.573	1942	0	3	50	L93	NUM	Cerema	TDC_1942_INGITC_MobiTC	1
1	19	828586.485	6259789.483	-0.914	-0.405	133.397	201109	201110	3	10	L93	NUM	Cerema	TDC_2011_INGITC_MobiTC	1
1	20	828627.007	6259698.061	-0.914	-0.405	-133.91	1942	0	3	50	L93	NUM	Cerema	TDC_1942_INGITC_MobiTC	1
1	20	828627.007	6259698.061	-0.914	-0.405	121.906	201109	201110	3	10	L93	NUM	Cerema	TDC_2011_INGITC_MobiTC	1
1	21	828666.04	6259605.997	-0.922	-0.386	-127.528	1942	0	3	50	L93	NUM	Cerema	TDC_1942_INGITC_MobiTC	1
1	21	828666.04	6259605.997	-0.922	-0.386	124.295	201109	201110	3	10	L93	NUM	Cerema	TDC_2011_INGITC_MobiTC	1
1	22	828704.022	6259513.5	-0.934	-0.356	-124.071	1942	0	3	50	L93	NUM	Cerema	TDC_1942_INGITC_MobiTC	1
1	22	828704.022	6259513.5	-0.934	-0.356	128.133	201109	201110	3	10	L93	NUM	Cerema	TDC_2011_INGITC_MobiTC	1
1	23	828739.667	6259420.069	-0.934	-0.358	-122.702	1942	0	3	50	L93	NUM	Cerema	TDC_1942_INGITC_MobiTC	1
1	23	828739.667	6259420.069	-0.934	-0.358	127.818	201109	201110	3	10	L93	NUM	Cerema	TDC_2011_INGITC_MobiTC	1
1	24	828774.789	6259326.439	-0.937	-0.35	-121.815	1942	0	3	50	L93	NUM	Cerema	TDC_1942_INGITC_MobiTC	1
1	24	828774.789	6259326.439	-0.937	-0.35	128.06	201109	201110	3	10	L93	NUM	Cerema	TDC_2011_INGITC_MobiTC	1
1	25	828810.804	6259233.154	-0.93	-0.369	-122.951	1942	0	3	50	L93	NUM	Cerema	TDC_1942_INGITC_MobiTC	1
1	25	828810.804	6259233.154	-0.93	-0.369	123.511	201109	201110	3	10	L93	NUM	Cerema	TDC_2011_INGITC_MobiTC	1
1	26	828846.451	6259139.728	-0.937	-0.35	-125.781	1942	0	3	50	L93	NUM	Cerema	TDC_1942_INGITC_MobiTC	1
1	26	828846.451	6259139.728	-0.937	-0.35	117.997	201109	201110	3	10	L93	NUM	Cerema	TDC_2011_INGITC_MobiTC	1
1	27	828881.366	6259046.022	-0.94	-0.342	-126.879	1942	0	3	50	L93	NUM	Cerema	TDC_1942_INGITC_MobiTC	1
1	27	828881.366	6259046.022	-0.94	-0.342	121.82	201109	201110	3	10	L93	NUM	Cerema	TDC_2011_INGITC_MobiTC	1
1	28	828914.419	6258951.657	-0.952	-0.306	-126.119	1942	0	3	50	L93	NUM	Cerema	TDC_1942_INGITC_MobiTC	1
1	28	828914.419	6258951.657	-0.952	-0.306	122.269	201109	201110	3	10	L93	NUM	Cerema	TDC_2011_INGITC_MobiTC	1
1	29	828945.026	6258856.457	-0.952	-0.306	-129.67	1942	0	3	50	L93	NUM	Cerema	TDC_1942_INGITC_MobiTC	1
1	29	828945.026	6258856.457	-0.952	-0.306	126.49	201109	201110	3	10	L93	NUM	Cerema	TDC_2011_INGITC_MobiTC	1
1	30	828974.409	6258760.883	-0.97	-0.241	-132.819	1942	0	3	50	L93	NUM	Cerema	TDC_1942_INGITC_MobiTC	1
1	30	828974.409	6258760.883	-0.97	-0.241	135.255	201109	201110	3	10	L93	NUM	Cerema	TDC_2011_INGITC_MobiTC	1
1	31	828998.435	6258663.812	-0.971	-0.24	-143.804	1942	0	3	50	L93	NUM	Cerema	TDC_1942_INGITC_MobiTC	1
1	31	828998.435	6258663.812	-0.971	-0.24	127.906	201109	201110	3	10	L93	NUM	Cerema	TDC_2011_INGITC_MobiTC	1
1	32	829022.113	6258566.659	-0.976	-0.219	-148.541	1942	0	3	50	L93	NUM	Cerema	TDC_1942_INGITC_MobiTC	1
1	32	829022.113	6258566.659	-0.976	-0.219	128.035	201109	201110	3	10	L93	NUM	Cerema	TDC_2011_INGITC_MobiTC	1
1	33	829044.047	6258469.094	-0.976	-0.219	-155.048	1942	0	3	50	L93	NUM	Cerema	TDC_1942_INGITC_MobiTC	1
1	33	829044.047	6258469.094	-0.976	-0.219	123.316	201109	201110	3	10	L93	NUM	Cerema	TDC_2011_INGITC_MobiTC	1
1	34	829066.196	6258371.58	-0.969	-0.246	160.437	20160702160954	20160702161126	3	15	L93	LEV	RIVAGES	Rivages_Segments_MobiTC_Retenus	1
1	34	829066.196	6258371.58	-0.969	-0.246	170.825	20160702161301	20160702161444	3	15	L93	LEV	RIVAGES	Rivages_Segments_MobiTC_Retenus	1
1	34	829066.196	6258371.58	-0.969	-0.246	-160.522	1942	0	3	50	L93	NUM	Cerema	TDC_1942_INGITC_MobiTC	1
1	34	829066.196	6258371.58	-0.969	-0.246	123.294	201109	201110	3	10	L93	NUM	Cerema	TDC_2011_INGITC_MobiTC	1
1	35	829087.668	6258273.914	-0.977	-0.213	165.237	20160702160639	20160702160921	3	15	L93	LEV	RIVAGES	Rivages_Segments_MobiTC_Retenus	1
1	35	829087.668	6258273.914	-0.977	-0.213	170.153	20160702161449	20160702161633	3	15	L93	LEV	RIVAGES	Rivages_Segments_MobiTC_Retenus	1
1	35	829087.668	6258273.914	-0.977	-0.213	-173.218	1942	0	3	50	L93	NUM	Cerema	TDC_1942_INGITC_MobiTC	1
1	35	829087.668	6258273.914	-0.977	-0.213	125.418	201109	201110	3	10	L93	NUM	Cerema	TDC_2011_INGITC_MobiTC	1
1	36	829108.963	6258176.208	-0.977	-0.213	174.201	20160702160639	20160702160921	3	15	L93	LEV	RIVAGES	Rivages_Segments_MobiTC_Retenus	1
1	36	829108.963	6258176.208	-0.977	-0.213	177.565	20160702161449	20160702161633	3	15	L93	LEV	RIVAGES	Rivages_Segments_MobiTC_Retenus	1
1	36	829108.963	6258176.208	-0.977	-0.213	-185.504	1942	0	3	50	L93	NUM	Cerema	TDC_1942_INGITC_MobiTC	1
1	36	829108.963	6258176.208	-0.977	-0.213	128.532	201109	201110	3	10	L93	NUM	Cerema	TDC_2011_INGITC_MobiTC	1
1	37	829130.258	6258078.502	-0.977	-0.213	191.195	20160702160639	20160702160921	3	15	L93	LEV	RIVAGES	Rivages_Segments_MobiTC_Retenus	1
1	37	829130.258	6258078.502	-0.977	-0.213	-194.928	1942	0	3	50	L93	NUM	Cerema	TDC_1942_INGITC_MobiTC	1
1	37	829130.258	6258078.502	-0.977	-0.213	138.017	201109	201110	3	10	L93	NUM	Cerema	TDC_2011_INGITC_MobiTC	1
1	38	829143.234	6257979.465	-0.996	-0.085	198.017	20160702160036	20160702160621	3	15	L93	LEV	RIVAGES	Rivages_Segments_MobiTC_Retenus	1
1	38	829143.234	6257979.465	-0.996	-0.085	204.54	20160702161753	20160702162002	3	15	L93	LEV	RIVAGES	Rivages_Segments_MobiTC_Retenus	1
1	38	829143.234	6257979.465	-0.996	-0.085	-218.966	1942	0	3	50	L93	NUM	Cerema	TDC_1942_INGITC_MobiTC	1
1	38	829143.234	6257979.465	-0.996	-0.085	136.802	201109	201110	3	10	L93	NUM	Cerema	TDC_2011_INGITC_MobiTC	1
1	39	829151.728	6257879.826	-0.996	-0.085	210.446	20160702160036	20160702160621	3	15	L93	LEV	RIVAGES	Rivages_Segments_MobiTC_Retenus	1
1	39	829151.728	6257879.826	-0.996	-0.085	209.726	20160702162005	20160702162221	3	15	L93	LEV	RIVAGES	Rivages_Segments_MobiTC_Retenus	1
1	39	829151.728	6257879.826	-0.996	-0.085	-241.138	1942	0	3	50	L93	NUM	Cerema	TDC_1942_INGITC_MobiTC	1
1	39	829151.728	6257879.826	-0.996	-0.085	142.087	201109	201110	3	10	L93	NUM	Cerema	TDC_2011_INGITC_MobiTC	1
1	40	829159.009	6257780.1	-0.998	-0.059	231.315	20160702160036	20160702160621	3	15	L93	LEV	RIVAGES	Rivages_Segments_MobiTC_Retenus	1
1	40	829159.009	6257780.1	-0.998	-0.059	235.744	20160702162005	20160702162221	3	15	L93	LEV	RIVAGES	Rivages_Segments_MobiTC_Retenus	1
1	40	829159.009	6257780.1	-0.998	-0.059	-259.532	1942	0	3	50	L93	NUM	Cerema	TDC_1942_INGITC_MobiTC	1
1	40	829159.009	6257780.1	-0.998	-0.059	157.408	201109	201110	3	10	L93	NUM	Cerema	TDC_2011_INGITC_MobiTC	1
1	41	829164.525	6257680.252	-0.998	-0.055	260.312	20160702160036	20160702160621	3	15	L93	LEV	RIVAGES	Rivages_Segments_MobiTC_Retenus	1
1	41	829164.525	6257680.252	-0.998	-0.055	259.55	20160702162224	20160702162512	3	15	L93	LEV	RIVAGES	Rivages_Segments_MobiTC_Retenus	1
1	41	829164.525	6257680.252	-0.998	-0.055	-276.243	1942	0	3	50	L93	NUM	Cerema	TDC_1942_INGITC_MobiTC	1
1	41	829164.525	6257680.252	-0.998	-0.055	165.7	201109	201110	3	10	L93	NUM	Cerema	TDC_2011_INGITC_MobiTC	1
1	42	829163.416	6257580.282	-1	0.024	277.415	20160702162224	20160702162512	3	15	L93	LEV	RIVAGES	Rivages_Segments_MobiTC_Retenus	1
1	42	829163.416	6257580.282	-1	0.024	-286.226	1942	0	3	50	L93	NUM	Cerema	TDC_1942_INGITC_MobiTC	1
1	42	829163.416	6257580.282	-1	0.024	178.988	201109	201110	3	10	L93	NUM	Cerema	TDC_2011_INGITC_MobiTC	1
1	43	829158.243	6257480.489	-0.988	0.154	291.462	20160702155917	20160702155955	3	15	L93	LEV	RIVAGES	Rivages_Segments_MobiTC_Retenus	1
1	43	829158.243	6257480.489	-0.988	0.154	292.473	20160702162224	20160702162512	3	15	L93	LEV	RIVAGES	Rivages_Segments_MobiTC_Retenus	1
1	43	829158.243	6257480.489	-0.988	0.154	-300.541	1942	0	3	50	L93	NUM	Cerema	TDC_1942_INGITC_MobiTC	1
1	43	829158.243	6257480.489	-0.988	0.154	176.477	201109	201110	3	10	L93	NUM	Cerema	TDC_2011_INGITC_MobiTC	1
1	44	829134.11	6257383.568	-0.953	0.304	292.289	20160702155714	20160702155914	3	15	L93	LEV	RIVAGES	Rivages_Segments_MobiTC_Retenus	1
1	44	829134.11	6257383.568	-0.953	0.304	289.444	20160702162515	20160702162752	3	15	L93	LEV	RIVAGES	Rivages_Segments_MobiTC_Retenus	1
1	44	829134.11	6257383.568	-0.953	0.304	-310.391	1942	0	3	50	L93	NUM	Cerema	TDC_1942_INGITC_MobiTC	1
1	44	829134.11	6257383.568	-0.953	0.304	167.521	201109	201110	3	10	L93	NUM	Cerema	TDC_2011_INGITC_MobiTC	1
1	45	829103.664	6257288.316	-0.953	0.305	311.857	20160702155714	20160702155914	3	15	L93	LEV	RIVAGES	Rivages_Segments_MobiTC_Retenus	1
1	45	829103.664	6257288.316	-0.953	0.305	307.744	20160702162515	20160702162752	3	15	L93	LEV	RIVAGES	Rivages_Segments_MobiTC_Retenus	1
1	45	829103.664	6257288.316	-0.953	0.305	-356.727	1942	0	3	50	L93	NUM	Cerema	TDC_1942_INGITC_MobiTC	1
1	45	829103.664	6257288.316	-0.953	0.305	203.412	201109	201110	3	10	L93	NUM	Cerema	TDC_2011_INGITC_MobiTC	1
1	46	829070.547	6257194.036	-0.925	0.379	316.757	20160702143628	20160702143658	3	15	L93	LEV	RIVAGES	Rivages_Segments_MobiTC_Retenus	1
1	46	829070.547	6257194.036	-0.925	0.379	-349.314	1942	0	3	50	L93	NUM	Cerema	TDC_1942_INGITC_MobiTC	1
1	46	829070.547	6257194.036	-0.925	0.379	217.199	201109	201110	3	10	L93	NUM	Cerema	TDC_2011_INGITC_MobiTC	1
1	47	829032.652	6257101.494	-0.925	0.379	337.268	20160702143549	20160702143625	3	10	L93	LEV	RIVAGES	Rivages_Segments_MobiTC_Retenus	1
1	47	829032.652	6257101.494	-0.925	0.379	-377.604	1942	0	3	50	L93	NUM	Cerema	TDC_1942_INGITC_MobiTC	1
1	47	829032.652	6257101.494	-0.925	0.379	253.051	201109	201110	3	10	L93	NUM	Cerema	TDC_2011_INGITC_MobiTC	1
1	48	828994.756	6257008.953	-0.925	0.379	351.705	20160702143433	20160702143523	3	15	L93	LEV	RIVAGES	Rivages_Segments_MobiTC_Retenus	1
1	48	828994.756	6257008.953	-0.925	0.379	-382.753	1942	0	3	50	L93	NUM	Cerema	TDC_1942_INGITC_MobiTC	1
1	48	828994.756	6257008.953	-0.925	0.379	301.958	201109	201110	3	10	L93	NUM	Cerema	TDC_2011_INGITC_MobiTC	3
1	48	828994.756	6257008.953	-0.925	0.379	268.726	201109	201110	3	10	L93	NUM	Cerema	TDC_2011_INGITC_MobiTC	3
1	48	828994.756	6257008.953	-0.925	0.379	216.825	201109	201110	3	10	L93	NUM	Cerema	TDC_2011_INGITC_MobiTC	3
1	49	828956.861	6256916.411	-0.925	0.379	352.974	20160702143213	20160702143346	3	15	L93	LEV	RIVAGES	Rivages_Segments_MobiTC_Retenus	1
1	49	828956.861	6256916.411	-0.925	0.379	-441.58	1942	0	3	50	L93	NUM	Cerema	TDC_1942_INGITC_MobiTC	1
1	49	828956.861	6256916.411	-0.925	0.379	336.573	201109	201110	3	10	L93	NUM	Cerema	TDC_2011_INGITC_MobiTC	1
1	50	828915.044	6256825.725	-0.88	0.475	380.103	20160702143213	20160702143346	3	15	L93	LEV	RIVAGES	Rivages_Segments_MobiTC_Retenus	1
1	50	828915.044	6256825.725	-0.88	0.475	-347.509	1942	0	3	50	L93	NUM	Cerema	TDC_1942_INGITC_MobiTC	1
1	50	828915.044	6256825.725	-0.88	0.475	-119.917	1942	0	3	50	L93	NUM	Cerema	TDC_1942_INGITC_MobiTC	2
1	50	828915.044	6256825.725	-0.88	0.475	-209.205	1942	0	3	50	L93	NUM	Cerema	TDC_1942_INGITC_MobiTC	2
1	50	828915.044	6256825.725	-0.88	0.475	346.544	201109	201110	3	10	L93	NUM	Cerema	TDC_2011_INGITC_MobiTC	1
1	51	828847.054	6256756.89	-0.532	0.846	376.717	20160702143356	20160702143430	3	15	L93	LEV	RIVAGES	Rivages_Segments_MobiTC_Retenus	1
1	51	828847.054	6256756.89	-0.532	0.846	-89.831	1942	0	3	50	L93	NUM	Cerema	TDC_1942_INGITC_MobiTC	1
1	51	828847.054	6256756.89	-0.532	0.846	358.703	201109	201110	3	10	L93	NUM	Cerema	TDC_2011_INGITC_MobiTC	1
1	52	828762.408	6256703.645	-0.532	0.846	353.617	20160702143213	20160702143346	3	15	L93	LEV	RIVAGES	Rivages_Segments_MobiTC_Retenus	1
1	52	828762.408	6256703.645	-0.532	0.846	-94.148	1942	0	3	50	L93	NUM	Cerema	TDC_1942_INGITC_MobiTC	1
1	52	828762.408	6256703.645	-0.532	0.846	314.441	201109	201110	3	10	L93	NUM	Cerema	TDC_2011_INGITC_MobiTC	1
1	53	828675.076	6256655.056	-0.439	0.899	-107.958	1942	0	3	50	L93	NUM	Cerema	TDC_1942_INGITC_MobiTC	1
1	53	828675.076	6256655.056	-0.439	0.899	299.357	201109	201110	3	10	L93	NUM	Cerema	TDC_2011_INGITC_MobiTC	1
1	54	828585.248	6256611.115	-0.439	0.898	-125.035	1942	0	3	50	L93	NUM	Cerema	TDC_1942_INGITC_MobiTC	1
1	54	828585.248	6256611.115	-0.439	0.898	233.38	201109	201110	3	10	L93	NUM	Cerema	TDC_2011_INGITC_MobiTC	1
1	55	828495.419	6256567.175	-0.44	0.898	-149.111	1942	0	3	50	L93	NUM	Cerema	TDC_1942_INGITC_MobiTC	1
1	55	828495.419	6256567.175	-0.44	0.898	208.44	201109	201110	3	10	L93	NUM	Cerema	TDC_2011_INGITC_MobiTC	1
1	56	828405.59	6256523.234	-0.44	0.898	-175.511	1942	0	3	50	L93	NUM	Cerema	TDC_1942_INGITC_MobiTC	1
1	56	828405.59	6256523.234	-0.44	0.898	180.485	201109	201110	3	10	L93	NUM	Cerema	TDC_2011_INGITC_MobiTC	1
1	57	828315.633	6256479.564	-0.407	0.913	-192.1	1942	0	3	50	L93	NUM	Cerema	TDC_1942_INGITC_MobiTC	1
1	57	828315.633	6256479.564	-0.407	0.913	170.788	201109	201110	3	10	L93	NUM	Cerema	TDC_2011_INGITC_MobiTC	1
1	58	828222.881	6256442.219	-0.344	0.939	201.59	20160702142050	20160702142103	3	10	L93	LEV	RIVAGES	Rivages_Segments_MobiTC_Retenus	1
1	58	828222.881	6256442.219	-0.344	0.939	-222.071	1942	0	3	50	L93	NUM	Cerema	TDC_1942_INGITC_MobiTC	1
1	58	828222.881	6256442.219	-0.344	0.939	213.393	201109	201110	3	10	L93	NUM	Cerema	TDC_2011_INGITC_MobiTC	1
1	58	828222.881	6256442.219	-0.344	0.939	207.432	2013	0	3	10	L93	NUM	Cerema	TDC_Pleiades_2013_MobiTC	1
1	59	828129.031	6256407.691	-0.347	0.938	161.588	20160702141943	20160702142017	3	15	L93	LEV	RIVAGES	Rivages_Segments_MobiTC_Retenus	1
1	59	828129.031	6256407.691	-0.347	0.938	-213.456	1942	0	3	50	L93	NUM	Cerema	TDC_1942_INGITC_MobiTC	1
1	59	828129.031	6256407.691	-0.347	0.938	169.943	201109	201110	3	10	L93	NUM	Cerema	TDC_2011_INGITC_MobiTC	1
1	59	828129.031	6256407.691	-0.347	0.938	164.292	2013	0	3	10	L93	NUM	Cerema	TDC_Pleiades_2013_MobiTC	1
1	60	828035.2	6256373.112	-0.346	0.938	-211.252	1942	0	3	50	L93	NUM	Cerema	TDC_1942_INGITC_MobiTC	1
1	60	828035.2	6256373.112	-0.346	0.938	129.66	201109	201110	3	10	L93	NUM	Cerema	TDC_2011_INGITC_MobiTC	1
1	60	828035.2	6256373.112	-0.346	0.938	129.49	2013	0	3	10	L93	NUM	Cerema	TDC_Pleiades_2013_MobiTC	1
1	61	827941.387	6256338.484	-0.36	0.933	-237.279	1942	0	3	50	L93	NUM	Cerema	TDC_1942_INGITC_MobiTC	1
1	61	827941.387	6256338.484	-0.36	0.933	106.758	201109	201110	3	10	L93	NUM	Cerema	TDC_2011_INGITC_MobiTC	1
1	61	827941.387	6256338.484	-0.36	0.933	101.045	2013	0	3	10	L93	NUM	Cerema	TDC_Pleiades_2013_MobiTC	1
1	62	827850.26	6256297.387	-0.431	0.903	-226.54	1942	0	3	50	L93	NUM	Cerema	TDC_1942_INGITC_MobiTC	1
1	62	827850.26	6256297.387	-0.431	0.903	90.681	201109	201110	3	10	L93	NUM	Cerema	TDC_2011_INGITC_MobiTC	1
1	62	827850.26	6256297.387	-0.431	0.903	82.807	2013	0	3	10	L93	NUM	Cerema	TDC_Pleiades_2013_MobiTC	1
1	63	827760.003	6256254.333	-0.431	0.902	-246.255	1942	0	3	50	L93	NUM	Cerema	TDC_1942_INGITC_MobiTC	1
1	63	827760.003	6256254.333	-0.431	0.902	81.96	201109	201110	3	10	L93	NUM	Cerema	TDC_2011_INGITC_MobiTC	1
1	63	827760.003	6256254.333	-0.431	0.902	71.974	2013	0	3	10	L93	NUM	Cerema	TDC_Pleiades_2013_MobiTC	1
1	64	827669.746	6256211.279	-0.43	0.903	-261.73	1942	0	3	50	L93	NUM	Cerema	TDC_1942_INGITC_MobiTC	1
1	64	827669.746	6256211.279	-0.43	0.903	77.547	201109	201110	3	10	L93	NUM	Cerema	TDC_2011_INGITC_MobiTC	1
1	64	827669.746	6256211.279	-0.43	0.903	66.588	2013	0	3	10	L93	NUM	Cerema	TDC_Pleiades_2013_MobiTC	1
1	65	827579.489	6256168.225	-0.431	0.903	-286.428	1942	0	3	50	L93	NUM	Cerema	TDC_1942_INGITC_MobiTC	1
1	65	827579.489	6256168.225	-0.431	0.903	88.344	201109	201110	3	10	L93	NUM	Cerema	TDC_2011_INGITC_MobiTC	1
1	65	827579.489	6256168.225	-0.431	0.903	291.357	201109	201110	3	10	L93	NUM	Cerema	TDC_2011_INGITC_MobiTC	2
1	65	827579.489	6256168.225	-0.431	0.903	244.111	201109	201110	3	10	L93	NUM	Cerema	TDC_2011_INGITC_MobiTC	2
1	65	827579.489	6256168.225	-0.431	0.903	76.764	2013	0	3	10	L93	NUM	Cerema	TDC_Pleiades_2013_MobiTC	1
1	66	827488.196	6256127.522	-0.355	0.935	-324.709	1942	0	3	50	L93	NUM	Cerema	TDC_1942_INGITC_MobiTC	1
1	66	827488.196	6256127.522	-0.355	0.935	99.65	201109	201110	3	10	L93	NUM	Cerema	TDC_2011_INGITC_MobiTC	1
1	66	827488.196	6256127.522	-0.355	0.935	325.292	201109	201110	3	10	L93	NUM	Cerema	TDC_2011_INGITC_MobiTC	2
1	66	827488.196	6256127.522	-0.355	0.935	284.425	201109	201110	3	10	L93	NUM	Cerema	TDC_2011_INGITC_MobiTC	2
1	66	827488.196	6256127.522	-0.355	0.935	90.377	2013	0	3	10	L93	NUM	Cerema	TDC_Pleiades_2013_MobiTC	1
1	67	827394.508	6256092.565	-0.378	0.926	-357.7	1942	0	3	50	L93	NUM	Cerema	TDC_1942_INGITC_MobiTC	1
1	67	827394.508	6256092.565	-0.378	0.926	130.113	201109	201110	3	10	L93	NUM	Cerema	TDC_2011_INGITC_MobiTC	1
1	67	827394.508	6256092.565	-0.378	0.926	339.321	201109	201110	3	10	L93	NUM	Cerema	TDC_2011_INGITC_MobiTC	2
1	67	827394.508	6256092.565	-0.378	0.926	223.845	201109	201110	3	10	L93	NUM	Cerema	TDC_2011_INGITC_MobiTC	2
1	67	827394.508	6256092.565	-0.378	0.926	279.378	2013	0	3	10	L93	NUM	Cerema	TDC_Pleiades_2013_MobiTC	1
1	68	827303.901	6256050.31	-0.431	0.902	-377.26	1942	0	3	50	L93	NUM	Cerema	TDC_1942_INGITC_MobiTC	1
1	68	827303.901	6256050.31	-0.431	0.902	335.41	201109	201110	3	10	L93	NUM	Cerema	TDC_2011_INGITC_MobiTC	3
1	68	827303.901	6256050.31	-0.431	0.902	224.055	201109	201110	3	10	L93	NUM	Cerema	TDC_2011_INGITC_MobiTC	3
1	68	827303.901	6256050.31	-0.431	0.902	195.543	201109	201110	3	10	L93	NUM	Cerema	TDC_2011_INGITC_MobiTC	3
1	68	827303.901	6256050.31	-0.431	0.902	290.439	2013	0	3	10	L93	NUM	Cerema	TDC_Pleiades_2013_MobiTC	1
1	68	827303.901	6256050.31	-0.431	0.902	372.214	2013	0	3	10	L93	NUM	Cerema	TDC_Pleiades_2013_MobiTC	1
1	69	827213.862	6256006.804	-0.442	0.897	-402.033	1942	0	3	50	L93	NUM	Cerema	TDC_1942_INGITC_MobiTC	1
1	69	827213.862	6256006.804	-0.442	0.897	337.422	201109	201110	3	10	L93	NUM	Cerema	TDC_2011_INGITC_MobiTC	1
1	69	827213.862	6256006.804	-0.442	0.897	395.721	2013	0	3	10	L93	NUM	Cerema	TDC_Pleiades_2013_MobiTC	1
1	70	827121.537	6255968.705	-0.337	0.941	-341.705	1942	0	3	50	L93	NUM	Cerema	TDC_1942_INGITC_MobiTC	1
1	70	827121.537	6255968.705	-0.337	0.941	333.441	201109	201110	3	10	L93	NUM	Cerema	TDC_2011_INGITC_MobiTC	1
1	70	827121.537	6255968.705	-0.337	0.941	395.484	2013	0	3	10	L93	NUM	Cerema	TDC_Pleiades_2013_MobiTC	1
1	71	827029.521	6255929.677	-0.43	0.903	-349.747	1942	0	3	50	L93	NUM	Cerema	TDC_1942_INGITC_MobiTC	1
1	71	827029.521	6255929.677	-0.43	0.903	318.115	201109	201110	3	10	L93	NUM	Cerema	TDC_2011_INGITC_MobiTC	1
1	71	827029.521	6255929.677	-0.43	0.903	460.902	2013	0	3	10	L93	NUM	Cerema	TDC_Pleiades_2013_MobiTC	1
1	72	826939.859	6255885.555	-0.539	0.842	-364.086	1942	0	3	50	L93	NUM	Cerema	TDC_1942_INGITC_MobiTC	1
1	72	826939.859	6255885.555	-0.539	0.842	370.499	201109	201110	3	10	L93	NUM	Cerema	TDC_2011_INGITC_MobiTC	1
1	72	826939.859	6255885.555	-0.539	0.842	472.156	2013	0	3	10	L93	NUM	Cerema	TDC_Pleiades_2013_MobiTC	1
1	73	826859.131	6255826.6	-0.62	0.785	-375.3	1942	0	3	50	L93	NUM	Cerema	TDC_1942_INGITC_MobiTC	1
1	73	826859.131	6255826.6	-0.62	0.785	404.961	201109	201110	3	10	L93	NUM	Cerema	TDC_2011_INGITC_MobiTC	1
1	73	826859.131	6255826.6	-0.62	0.785	481.624	2013	0	3	10	L93	NUM	Cerema	TDC_Pleiades_2013_MobiTC	1
1	74	826781.902	6255763.076	-0.636	0.771	-384.38	1942	0	3	50	L93	NUM	Cerema	TDC_1942_INGITC_MobiTC	1
1	74	826781.902	6255763.076	-0.636	0.771	440.98	201109	201110	3	10	L93	NUM	Cerema	TDC_2011_INGITC_MobiTC	1
1	74	826781.902	6255763.076	-0.636	0.771	475.961	2013	0	3	10	L93	NUM	Cerema	TDC_Pleiades_2013_MobiTC	1
1	75	826704.764	6255699.438	-0.636	0.771	-404.377	1942	0	3	50	L93	NUM	Cerema	TDC_1942_INGITC_MobiTC	1
1	75	826704.764	6255699.438	-0.636	0.771	433.281	201109	201110	3	10	L93	NUM	Cerema	TDC_2011_INGITC_MobiTC	1
1	75	826704.764	6255699.438	-0.636	0.771	454.191	2013	0	3	10	L93	NUM	Cerema	TDC_Pleiades_2013_MobiTC	1
1	76	826627.922	6255635.473	-0.708	0.706	-423.268	1942	0	3	50	L93	NUM	Cerema	TDC_1942_INGITC_MobiTC	1
1	76	826627.922	6255635.473	-0.708	0.706	499.965	201109	201110	3	10	L93	NUM	Cerema	TDC_2011_INGITC_MobiTC	1
1	76	826627.922	6255635.473	-0.708	0.706	434.547	2013	0	3	10	L93	NUM	Cerema	TDC_Pleiades_2013_MobiTC	1
1	77	826557.387	6255564.587	-0.709	0.706	-447.888	1942	0	3	50	L93	NUM	Cerema	TDC_1942_INGITC_MobiTC	1
1	77	826557.387	6255564.587	-0.709	0.706	478.107	201109	201110	3	10	L93	NUM	Cerema	TDC_2011_INGITC_MobiTC	1
1	77	826557.387	6255564.587	-0.709	0.706	423.575	2013	0	3	10	L93	NUM	Cerema	TDC_Pleiades_2013_MobiTC	1
1	78	826486.853	6255493.701	-0.709	0.705	-481.975	1942	0	3	50	L93	NUM	Cerema	TDC_1942_INGITC_MobiTC	1
1	78	826486.853	6255493.701	-0.709	0.705	463.682	201109	201110	3	10	L93	NUM	Cerema	TDC_2011_INGITC_MobiTC	1
1	78	826486.853	6255493.701	-0.709	0.705	433.207	2013	0	3	10	L93	NUM	Cerema	TDC_Pleiades_2013_MobiTC	1
1	79	826418.731	6255420.541	-0.764	0.645	-494.864	1942	0	3	50	L93	NUM	Cerema	TDC_1942_INGITC_MobiTC	1
1	79	826418.731	6255420.541	-0.764	0.645	437.944	201109	201110	3	10	L93	NUM	Cerema	TDC_2011_INGITC_MobiTC	1
1	79	826418.731	6255420.541	-0.764	0.645	449.508	2013	0	3	10	L93	NUM	Cerema	TDC_Pleiades_2013_MobiTC	1
1	80	826358.104	6255341.063	-0.817	0.576	-496.488	1942	0	3	50	L93	NUM	Cerema	TDC_1942_INGITC_MobiTC	1
1	80	826358.104	6255341.063	-0.817	0.576	460.602	201109	201110	3	10	L93	NUM	Cerema	TDC_2011_INGITC_MobiTC	1
1	80	826358.104	6255341.063	-0.817	0.576	476.293	2013	0	3	10	L93	NUM	Cerema	TDC_Pleiades_2013_MobiTC	1
1	81	826319.235	6255250.796	-0.977	0.212	-514.584	1942	0	3	50	L93	NUM	Cerema	TDC_1942_INGITC_MobiTC	1
1	81	826319.235	6255250.796	-0.977	0.212	483.43	201109	201110	3	10	L93	NUM	Cerema	TDC_2011_INGITC_MobiTC	1
1	81	826319.235	6255250.796	-0.977	0.212	505.367	2013	0	3	10	L93	NUM	Cerema	TDC_Pleiades_2013_MobiTC	1
1	82	826300.048	6255152.742	-0.995	0.099	-501.117	1942	0	3	50	L93	NUM	Cerema	TDC_1942_INGITC_MobiTC	1
1	82	826300.048	6255152.742	-0.995	0.099	468.567	201109	201110	3	10	L93	NUM	Cerema	TDC_2011_INGITC_MobiTC	1
1	82	826300.048	6255152.742	-0.995	0.099	475.245	2013	0	3	10	L93	NUM	Cerema	TDC_Pleiades_2013_MobiTC	1
1	83	826292.84	6255053.045	-1	0.016	-467.22	1942	0	3	50	L93	NUM	Cerema	TDC_1942_INGITC_MobiTC	1
1	83	826292.84	6255053.045	-1	0.016	440.05	201109	201110	3	10	L93	NUM	Cerema	TDC_2011_INGITC_MobiTC	1
1	83	826292.84	6255053.045	-1	0.016	451.809	2013	0	3	10	L93	NUM	Cerema	TDC_Pleiades_2013_MobiTC	1
1	84	826294.054	6254953.091	-0.998	-0.056	-441.616	1942	0	3	50	L93	NUM	Cerema	TDC_1942_INGITC_MobiTC	1
1	84	826294.054	6254953.091	-0.998	-0.056	404.958	201109	201110	3	10	L93	NUM	Cerema	TDC_2011_INGITC_MobiTC	1
1	84	826294.054	6254953.091	-0.998	-0.056	417.561	2013	0	3	10	L93	NUM	Cerema	TDC_Pleiades_2013_MobiTC	1
1	85	826303.042	6254853.505	-0.995	-0.095	-394.238	1942	0	3	50	L93	NUM	Cerema	TDC_1942_INGITC_MobiTC	1
1	85	826303.042	6254853.505	-0.995	-0.095	366.813	201109	201110	3	10	L93	NUM	Cerema	TDC_2011_INGITC_MobiTC	1
1	85	826303.042	6254853.505	-0.995	-0.095	394.903	2013	0	3	10	L93	NUM	Cerema	TDC_Pleiades_2013_MobiTC	1
1	86	826314.382	6254754.157	-0.993	-0.122	-339.792	1942	0	3	50	L93	NUM	Cerema	TDC_1942_INGITC_MobiTC	1
1	86	826314.382	6254754.157	-0.993	-0.122	335.961	201109	201110	3	10	L93	NUM	Cerema	TDC_2011_INGITC_MobiTC	1
1	86	826314.382	6254754.157	-0.993	-0.122	360.313	2013	0	3	10	L93	NUM	Cerema	TDC_Pleiades_2013_MobiTC	1
1	87	826326.943	6254654.953	-0.989	-0.149	-302.41	1942	0	3	50	L93	NUM	Cerema	TDC_1942_INGITC_MobiTC	1
1	87	826326.943	6254654.953	-0.989	-0.149	301.099	201109	201110	3	10	L93	NUM	Cerema	TDC_2011_INGITC_MobiTC	1
1	87	826326.943	6254654.953	-0.989	-0.149	316.23	2013	0	3	10	L93	NUM	Cerema	TDC_Pleiades_2013_MobiTC	1
1	88	826349.935	6254557.753	-0.95	-0.313	-287.119	1942	0	3	50	L93	NUM	Cerema	TDC_1942_INGITC_MobiTC	1
1	88	826349.935	6254557.753	-0.95	-0.313	250.778	201109	201110	3	10	L93	NUM	Cerema	TDC_2011_INGITC_MobiTC	1
1	88	826349.935	6254557.753	-0.95	-0.313	268.529	2013	0	3	10	L93	NUM	Cerema	TDC_Pleiades_2013_MobiTC	1
1	89	826390.411	6254466.453	-0.896	-0.443	-251.715	1942	0	3	50	L93	NUM	Cerema	TDC_1942_INGITC_MobiTC	1
1	89	826390.411	6254466.453	-0.896	-0.443	234.738	201109	201110	3	10	L93	NUM	Cerema	TDC_2011_INGITC_MobiTC	1
1	89	826390.411	6254466.453	-0.896	-0.443	249.154	2013	0	3	10	L93	NUM	Cerema	TDC_Pleiades_2013_MobiTC	1
1	90	826435.583	6254377.252	-0.879	-0.477	-170.978	1942	0	3	50	L93	NUM	Cerema	TDC_1942_INGITC_MobiTC	1
1	90	826435.583	6254377.252	-0.879	-0.477	217.268	201109	201110	3	10	L93	NUM	Cerema	TDC_2011_INGITC_MobiTC	1
1	90	826435.583	6254377.252	-0.879	-0.477	228.053	2013	0	3	10	L93	NUM	Cerema	TDC_Pleiades_2013_MobiTC	1
1	91	826483.377	6254289.413	-0.877	-0.48	-121.941	1942	0	3	50	L93	NUM	Cerema	TDC_1942_INGITC_MobiTC	1
1	91	826483.377	6254289.413	-0.877	-0.48	201.332	201109	201110	3	10	L93	NUM	Cerema	TDC_2011_INGITC_MobiTC	1
1	91	826483.377	6254289.413	-0.877	-0.48	211.957	2013	0	3	10	L93	NUM	Cerema	TDC_Pleiades_2013_MobiTC	1
1	92	826531.378	6254201.687	-0.877	-0.48	-93.274	1942	0	3	50	L93	NUM	Cerema	TDC_1942_INGITC_MobiTC	1
1	92	826531.378	6254201.687	-0.877	-0.48	186.961	201109	201110	3	10	L93	NUM	Cerema	TDC_2011_INGITC_MobiTC	1
1	92	826531.378	6254201.687	-0.877	-0.48	192.278	2013	0	3	10	L93	NUM	Cerema	TDC_Pleiades_2013_MobiTC	1
1	93	826579.38	6254113.961	-0.877	-0.48	-78.415	1942	0	3	50	L93	NUM	Cerema	TDC_1942_INGITC_MobiTC	1
1	93	826579.38	6254113.961	-0.877	-0.48	167.75	201109	201110	3	10	L93	NUM	Cerema	TDC_2011_INGITC_MobiTC	1
1	93	826579.38	6254113.961	-0.877	-0.48	168.82	2013	0	3	10	L93	NUM	Cerema	TDC_Pleiades_2013_MobiTC	1
1	94	826628.324	6254026.764	-0.854	-0.521	-57.713	1942	0	3	50	L93	NUM	Cerema	TDC_1942_INGITC_MobiTC	1
1	94	826628.324	6254026.764	-0.854	-0.521	148.184	201109	201110	3	10	L93	NUM	Cerema	TDC_2011_INGITC_MobiTC	1
1	94	826628.324	6254026.764	-0.854	-0.521	142.929	2013	0	3	10	L93	NUM	Cerema	TDC_Pleiades_2013_MobiTC	1
1	95	826680.437	6253941.416	-0.853	-0.521	-47.508	1942	0	3	50	L93	NUM	Cerema	TDC_1942_INGITC_MobiTC	1
1	95	826680.437	6253941.416	-0.853	-0.521	123.101	201109	201110	3	10	L93	NUM	Cerema	TDC_2011_INGITC_MobiTC	1
1	95	826680.437	6253941.416	-0.853	-0.521	111.789	2013	0	3	10	L93	NUM	Cerema	TDC_Pleiades_2013_MobiTC	1
1	96	826734.133	6253857.058	-0.847	-0.532	-40.239	1942	0	3	50	L93	NUM	Cerema	TDC_1942_INGITC_MobiTC	1
1	96	826734.133	6253857.058	-0.847	-0.532	95.27	201109	201110	3	10	L93	NUM	Cerema	TDC_2011_INGITC_MobiTC	1
1	96	826734.133	6253857.058	-0.847	-0.532	83.968	2013	0	3	10	L93	NUM	Cerema	TDC_Pleiades_2013_MobiTC	1
1	97	826787.168	6253772.282	-0.85	-0.527	-44.787	1942	0	3	50	L93	NUM	Cerema	TDC_1942_INGITC_MobiTC	1
1	97	826787.168	6253772.282	-0.85	-0.527	64.953	201109	201110	3	10	L93	NUM	Cerema	TDC_2011_INGITC_MobiTC	1
1	97	826787.168	6253772.282	-0.85	-0.527	45.347	2013	0	3	10	L93	NUM	Cerema	TDC_Pleiades_2013_MobiTC	1
1	98	826848.727	6253694.229	-0.698	-0.717	-39.04	1942	0	3	50	L93	NUM	Cerema	TDC_1942_INGITC_MobiTC	1
1	98	826848.727	6253694.229	-0.698	-0.717	37.266	201109	201110	3	10	L93	NUM	Cerema	TDC_2011_INGITC_MobiTC	1
1	98	826848.727	6253694.229	-0.698	-0.717	9.488	2013	0	3	10	L93	NUM	Cerema	TDC_Pleiades_2013_MobiTC	1
1	99	826920.38	6253624.474	-0.697	-0.717	-10.819	1942	0	3	50	L93	NUM	Cerema	TDC_1942_INGITC_MobiTC	1
1	99	826920.38	6253624.474	-0.697	-0.717	29.677	201109	201110	3	10	L93	NUM	Cerema	TDC_2011_INGITC_MobiTC	1
1	99	826920.38	6253624.474	-0.697	-0.717	-12.96	2013	0	3	10	L93	NUM	Cerema	TDC_Pleiades_2013_MobiTC	1
1	100	826992.033	6253554.718	-0.698	-0.717	-8.233	1942	0	3	50	L93	NUM	Cerema	TDC_1942_INGITC_MobiTC	1
1	100	826992.033	6253554.718	-0.698	-0.717	18.39	201109	201110	3	10	L93	NUM	Cerema	TDC_2011_INGITC_MobiTC	1
1	100	826992.033	6253554.718	-0.698	-0.717	-32.885	2013	0	3	10	L93	NUM	Cerema	TDC_Pleiades_2013_MobiTC	1
1	101	827066.171	6253487.81	-0.611	-0.791	8.233	1942	0	3	50	L93	NUM	Cerema	TDC_1942_INGITC_MobiTC	1
1	101	827066.171	6253487.81	-0.611	-0.791	-1.86	201109	201110	3	10	L93	NUM	Cerema	TDC_2011_INGITC_MobiTC	1
1	101	827066.171	6253487.81	-0.611	-0.791	-37.409	2013	0	3	10	L93	NUM	Cerema	TDC_Pleiades_2013_MobiTC	1
1	102	827145.276	6253426.635	-0.612	-0.791	39.523	1942	0	3	50	L93	NUM	Cerema	TDC_1942_INGITC_MobiTC	1
1	102	827145.276	6253426.635	-0.612	-0.791	-5.587	201109	201110	3	10	L93	NUM	Cerema	TDC_2011_INGITC_MobiTC	1
1	102	827145.276	6253426.635	-0.612	-0.791	-38.694	2013	0	3	10	L93	NUM	Cerema	TDC_Pleiades_2013_MobiTC	1
1	103	827224.381	6253365.46	-0.612	-0.791	45.813	1942	0	3	50	L93	NUM	Cerema	TDC_1942_INGITC_MobiTC	1
1	103	827224.381	6253365.46	-0.612	-0.791	-13.443	201109	201110	3	10	L93	NUM	Cerema	TDC_2011_INGITC_MobiTC	1
1	103	827224.381	6253365.46	-0.612	-0.791	-57.357	2013	0	3	10	L93	NUM	Cerema	TDC_Pleiades_2013_MobiTC	1
1	104	827304.717	6253305.967	-0.643	-0.766	61.06	1942	0	3	50	L93	NUM	Cerema	TDC_1942_INGITC_MobiTC	1
1	104	827304.717	6253305.967	-0.643	-0.766	-19.432	201109	201110	3	10	L93	NUM	Cerema	TDC_2011_INGITC_MobiTC	1
1	104	827304.717	6253305.967	-0.643	-0.766	-69.668	2013	0	3	10	L93	NUM	Cerema	TDC_Pleiades_2013_MobiTC	1
1	105	827382.533	6253243.165	-0.616	-0.788	71.635	1942	0	3	50	L93	NUM	Cerema	TDC_1942_INGITC_MobiTC	1
1	105	827382.533	6253243.165	-0.616	-0.788	-33.785	201109	201110	3	10	L93	NUM	Cerema	TDC_2011_INGITC_MobiTC	1
1	105	827382.533	6253243.165	-0.616	-0.788	-75.902	2013	0	3	10	L93	NUM	Cerema	TDC_Pleiades_2013_MobiTC	1
1	106	827462.694	6253183.404	-0.583	-0.812	83.692	1942	0	3	50	L93	NUM	Cerema	TDC_1942_INGITC_MobiTC	1
1	106	827462.694	6253183.404	-0.583	-0.812	-50.749	201109	201110	3	10	L93	NUM	Cerema	TDC_2011_INGITC_MobiTC	1
1	106	827462.694	6253183.404	-0.583	-0.812	-80.916	2013	0	3	10	L93	NUM	Cerema	TDC_Pleiades_2013_MobiTC	1
1	107	827544.199	6253125.47	-0.571	-0.821	95.416	1942	0	3	50	L93	NUM	Cerema	TDC_1942_INGITC_MobiTC	1
1	107	827544.199	6253125.47	-0.571	-0.821	-62.32	201109	201110	3	10	L93	NUM	Cerema	TDC_2011_INGITC_MobiTC	1
1	107	827544.199	6253125.47	-0.571	-0.821	-92.516	2013	0	3	10	L93	NUM	Cerema	TDC_Pleiades_2013_MobiTC	1
1	108	827626.858	6253069.195	-0.557	-0.83	103.5	1942	0	3	50	L93	NUM	Cerema	TDC_1942_INGITC_MobiTC	1
1	108	827626.858	6253069.195	-0.557	-0.83	-68.299	201109	201110	3	10	L93	NUM	Cerema	TDC_2011_INGITC_MobiTC	1
1	108	827626.858	6253069.195	-0.557	-0.83	-99.7	2013	0	3	10	L93	NUM	Cerema	TDC_Pleiades_2013_MobiTC	1
1	109	827709.879	6253013.45	-0.557	-0.83	115.249	1942	0	3	50	L93	NUM	Cerema	TDC_1942_INGITC_MobiTC	1
1	109	827709.879	6253013.45	-0.557	-0.83	-77.405	201109	201110	3	10	L93	NUM	Cerema	TDC_2011_INGITC_MobiTC	1
1	109	827709.879	6253013.45	-0.557	-0.83	-108.774	2013	0	3	10	L93	NUM	Cerema	TDC_Pleiades_2013_MobiTC	1
1	110	827793.108	6252958.018	-0.553	-0.833	125.085	1942	0	3	50	L93	NUM	Cerema	TDC_1942_INGITC_MobiTC	1
1	110	827793.108	6252958.018	-0.553	-0.833	-92.832	201109	201110	3	10	L93	NUM	Cerema	TDC_2011_INGITC_MobiTC	1
1	110	827793.108	6252958.018	-0.553	-0.833	-124.411	2013	0	3	10	L93	NUM	Cerema	TDC_Pleiades_2013_MobiTC	1
1	111	827876.301	6252902.535	-0.561	-0.828	127.063	1942	0	3	50	L93	NUM	Cerema	TDC_1942_INGITC_MobiTC	1
1	111	827876.301	6252902.535	-0.561	-0.828	-101.649	201109	201110	3	10	L93	NUM	Cerema	TDC_2011_INGITC_MobiTC	1
1	111	827876.301	6252902.535	-0.561	-0.828	-131.436	2013	0	3	10	L93	NUM	Cerema	TDC_Pleiades_2013_MobiTC	1
1	112	827956.882	6252843.399	-0.632	-0.775	124.173	1942	0	3	50	L93	NUM	Cerema	TDC_1942_INGITC_MobiTC	1
1	112	827956.882	6252843.399	-0.632	-0.775	-107.525	201109	201110	3	10	L93	NUM	Cerema	TDC_2011_INGITC_MobiTC	1
1	113	828033.871	6252779.613	-0.672	-0.741	129.647	1942	0	3	50	L93	NUM	Cerema	TDC_1942_INGITC_MobiTC	1
1	113	828033.871	6252779.613	-0.672	-0.741	-130.747	201109	201110	3	10	L93	NUM	Cerema	TDC_2011_INGITC_MobiTC	1
1	114	828108.139	6252712.652	-0.659	-0.752	117.661	1942	0	3	50	L93	NUM	Cerema	TDC_1942_INGITC_MobiTC	1
1	115	828183.318	6252646.711	-0.659	-0.752	94.664	1942	0	3	50	L93	NUM	Cerema	TDC_1942_INGITC_MobiTC	1
1	116	828258.495	6252580.77	-0.659	-0.752	78.92	1942	0	3	50	L93	NUM	Cerema	TDC_1942_INGITC_MobiTC	1
1	117	828333.674	6252514.829	-0.659	-0.752	71.738	1942	0	3	50	L93	NUM	Cerema	TDC_1942_INGITC_MobiTC	1
1	118	828408.852	6252448.888	-0.662	-0.75	61.973	1942	0	3	50	L93	NUM	Cerema	TDC_1942_INGITC_MobiTC	1
1	119	828484.087	6252383.012	-0.658	-0.753	47.446	1942	0	3	50	L93	NUM	Cerema	TDC_1942_INGITC_MobiTC	1
1	120	828560.233	6252318.195	-0.645	-0.764	28.719	1942	0	3	50	L93	NUM	Cerema	TDC_1942_INGITC_MobiTC	1
1	121	828636.782	6252253.852	-0.634	-0.773	16.107	1942	0	3	50	L93	NUM	Cerema	TDC_1942_INGITC_MobiTC	1
1	122	828715.894	6252193.05	-0.493	-0.87	-0.668	1942	0	3	50	L93	NUM	Cerema	TDC_1942_INGITC_MobiTC	1
1	123	828803.52	6252144.877	-0.473	-0.881	1.103	1942	0	3	50	L93	NUM	Cerema	TDC_1942_INGITC_MobiTC	1
1	124	828892.148	6252098.578	-0.454	-0.891	-0.338	1942	0	3	50	L93	NUM	Cerema	TDC_1942_INGITC_MobiTC	1
1	125	828981.297	6252053.319	-0.464	-0.886	-0.646	1942	0	3	50	L93	NUM	Cerema	TDC_1942_INGITC_MobiTC	1
1	126	829069.837	6252008.082	-0.446	-0.895	0.455	1942	0	3	50	L93	NUM	Cerema	TDC_1942_INGITC_MobiTC	1
1	127	829159.746	6251964.319	-0.432	-0.902	-0.651	1942	0	3	50	L93	NUM	Cerema	TDC_1942_INGITC_MobiTC	1
1	128	829250.017	6251921.294	-0.429	-0.903	0.981	1942	0	3	50	L93	NUM	Cerema	TDC_1942_INGITC_MobiTC	1
1	129	829340.97	6251879.785	-0.39	-0.921	0.368	1942	0	3	50	L93	NUM	Cerema	TDC_1942_INGITC_MobiTC	1
1	130	829433.072	6251840.834	-0.39	-0.921	7.186	1942	0	3	50	L93	NUM	Cerema	TDC_1942_INGITC_MobiTC	1
1	131	829526.992	6251806.632	-0.368	-0.93	-2.413	1942	0	3	50	L93	NUM	Cerema	TDC_1942_INGITC_MobiTC	1
1	132	829621.681	6251774.639	-0.297	-0.955	-7.005	1942	0	3	50	L93	NUM	Cerema	TDC_1942_INGITC_MobiTC	1
1	133	829717.092	6251744.702	-0.331	-0.944	-9.068	1942	0	3	50	L93	NUM	Cerema	TDC_1942_INGITC_MobiTC	1
1	134	829811.704	6251712.321	-0.322	-0.947	10.336	1942	0	3	50	L93	NUM	Cerema	TDC_1942_INGITC_MobiTC	1
1	135	829906.494	6251680.468	-0.312	-0.95	-4.248	1942	0	3	50	L93	NUM	Cerema	TDC_1942_INGITC_MobiTC	1
1	136	830001.549	6251649.444	-0.298	-0.954	-6.571	1942	0	3	50	L93	NUM	Cerema	TDC_1942_INGITC_MobiTC	1
1	137	830096.997	6251619.614	-0.298	-0.954	5.419	1942	0	3	50	L93	NUM	Cerema	TDC_1942_INGITC_MobiTC	1
1	138	830192.902	6251591.343	-0.265	-0.964	11.033	1942	0	3	50	L93	NUM	Cerema	TDC_1942_INGITC_MobiTC	1
1	139	830289.382	6251565.046	-0.262	-0.965	-4.302	1942	0	3	50	L93	NUM	Cerema	TDC_1942_INGITC_MobiTC	1
1	140	830385.972	6251539.157	-0.256	-0.967	-2.63	1942	0	3	50	L93	NUM	Cerema	TDC_1942_INGITC_MobiTC	1
1	141	830482.744	6251513.99	-0.22	-0.975	-3.707	1942	0	3	50	L93	NUM	Cerema	TDC_1942_INGITC_MobiTC	1
1	142	830580.333	6251492.167	-0.219	-0.976	6.547	1942	0	3	50	L93	NUM	Cerema	TDC_1942_INGITC_MobiTC	1
1	143	830678.23	6251471.789	-0.143	-0.99	7.334	1942	0	3	50	L93	NUM	Cerema	TDC_1942_INGITC_MobiTC	1
1	144	830777.337	6251458.469	-0.128	-0.992	-0.104	1942	0	3	50	L93	NUM	Cerema	TDC_1942_INGITC_MobiTC	1
